2511
3210
3432
3466
4398
5167
6865
7104
7785
9394
9885
14331
14728
16870
16907
17946
21760
22378
22511
22865
23061
25120
26368
28713
29880
30661
30897
33540
38488
38554
39039
39334
39604
39606
40425
40774
40905
42126
43313
47400
48023
48490
49160
51052
52825
53013
53389
55553
56060
56984
57269
57326
58961
60471
61134
61361
62452
63692
63824
64952
65972
69350
73608
74223
74458
75396
77032
78120
78289
80123
80486
81373
81782
82425
83158
85490
86439
87096
91431
94150
95017
95231
97530
99154
99639
100517
104941
105020
105662
106572
107022
108891
109084
109780
112676
113178
114867
115008
115865
116562
118007
118587
119928
120945
121301
121866
122337
123375
123874
123983
124123
124930
128322
129380
130049
130149
130350
131938
133554
133984
134456
135663
136232
136293
137051
138561
139844
140389
140762
141250
141388
141909
142441
144569
147082
147468
147623
152537
152710
153113
153301
154582
155186
157357
157686
159009
162380
163273
163440
163980
164400
165953
167280
167440
169274
171100
174899
175010
175214
176859
178282
181611
182008
182192
182313
182573
183838
183976
185156
186576
188910
189512
190435
191776
194651
194688
196181
196771
197166
197197
197397
198471
203421
206393
208616
210497
210762
217939
219425
220139
226179
228371
230448
230905
231970
232564
234517
235772
236894
237163
238491
241175
242000
242294
243134
243151
243740
246288
247034
249364
252632
253239
254843
257231
258831
260111
260397
262291
262337
264672
267234
268813
270992
273840
273957
274388
275171
276650
281787
282422
282447
282781
285047
285636
290816
292616
293901
293971
294909
294950
297865
298834
299701
299883
300629
302191
303196
303197
303766
303933
305643
305664
307939
309704
310264
311827
312481
316504
317041
317998
318470
321806
323314
323841
324510
325639
325698
326453
327804
328439
328488
329805
331576
331903
332195
332796
333502
334096
338545
340094
340848
345215
345384
347051
350643
350952
351409
355052
358941
359289
359453
361425
361922
364723
365513
369341
369692
369767
370241
376276
379584
379986
380436
381787
384299
384382
387449
388243
388273
388671
390812
391685
394587
394863
395651
395965
398340
398819
399517
399760
401039
404898
409718
410018
410132
411169
411533
411669
412461
414055
416062
416483
416875
418961
419263
423038
423426
424045
424108
424620
425590
426495
431832
436106
437347
439487
447142
448131
448833
449939
450843
452299
453176
454366
457336
457379
458728
460308
461371
462845
464100
466258
466278
466753
467230
469209
470330
471831
473362
475616
478818
480012
480846
480910
481058
482860
484929
485668
485754
486121
487116
487269
488212
490571
490658
491163
497127
500952
502683
502922
503253
503573
504188
504735
505208
507093
507369
507862
508762
511225
511706
512528
513583
514615
515195
515243
516511
516749
518809
518945
519185
519427
523405
524508
525925
526000
527559
529627
531321
531782
533030
535265
535564
536123
536421
536442
538407
541135
541998
542640
545067
545842
548572
549348
551577
553538
555008
558717
558942
559777
561997
562726
562812
566622
573644
576019
576217
576539
577352
579914
580295
580566
581426
583280
583677
585100
585572
587423
588889
588956
590805
592210
592762
593549
593826
593930
594094
594492
596181
596860
597176
597294
599671
599739
600119
601533
602062
603830
604086
607943
608137
612572
613850
613878
614437
615931
616006
620023
624674
624987
626090
629152
629269
632025
635284
635350
636052
637270
638185
641005
641924
642071
643761
644857
646115
648230
648425
648972
649153
649770
649840
650503
653350
653423
654649
655586
656810
661075
663549
666704
667365
667605
669725
671925
672097
673903
676595
677276
677376
679255
679522
680921
684528
685485
686606
686990
693724
695187
695620
697461
698281
700786
702244
703485
703893
704512
706045
706811
708729
714799
714973
715146
716893
716930
717168
717303
718101
719193
719639
721113
722388
722983
725492
725544
726526
729846
730530
731168
731939
733346
733581
733778
735250
735617
736012
736558
738784
739199
739288
739802
740126
744956
746466
749544
749680
750426
751329
753518
756489
759737
759832
760765
761923
764505
764809
767218
769919
771500
775912
776316
777737
778774
779791
781133
783019
783190
783984
784475
785608
786426
786652
787289
788367
789414
789500
789996
791070
791784
791787
791813
792300
793107
793166
794905
795851
796705
799829
801300
801598
803179
805077
805336
806008
809036
810485
813040
814398
816525
816562
817180
817315
820213
820387
824674
826584
829181
829504
829800
829946
831724
831768
833707
834820
836243
836372
836429
837288
837776
838879
839515
839531
840344
844049
844335
848885
849182
850513
850864
856866
859114
859456
859734
860821
861329
862063
864105
866133
866578
866941
867199
867904
869769
874545
875146
875850
876903
882292
882801
882853
884354
884925
886553
887561
892093
892994
900186
900317
904650
910370
911687
911967
914258
914951
915182
918735
919623
921293
922248
922579
923313
925404
927754
927774
927963
929113
929581
930399
930421
931435
934400
934578
936326
936566
936997
937021
937614
940741
941970
942061
942191
943036
944422
944837
945636
945674
947029
947202
947292
948907
949391
949545
953441
954853
955955
958004
961212
962268
963200
966274
971387
974631
976568
977402
978348
978485
978624
979733
980430
982141
982814
984874
985166
988945
988959
989128
990552
993058
993198
994004
994447
995139
995223
996637
996910
997014
998178
1003353
1005451
1005966
1007295
1007716
1008920
1009008
1011064
1011979
1012027
1012305
1013599
1015719
1016285
1016332
1017331
1017668
1017998
1021494
1022709
1022891
1023012
1023902
1029187
1029245
1030148
1030379
1031348
1038214
1038894
1040731
1042805
1044203
1045976
1046017
1046081
1046742
1049071
1050752
1051174
1055396
1055824
1057090
1057145
1058639
1059661
1060144
1062973
1063612
1063700
1064182
1064455
1065025
1066928
1067654
1067759
1067858
1069391
1071686
1074194
1077185
1079471
1079633
1079766
1079994
1080870
1083429
1085144
1086309
1088925
1090416
1090746
1092645
1094143
1095289
1097118
1100040
1100250
1100978
1102155
1102295
1103093
1105558
1107858
1112520
1112552
1113534
1116183
1116190
1119488
1121136
1121396
1121944
1125227
1127435
1129053
1130912
1130932
1132253
1136075
1137469
1138500
1139320
1146063
1147248
1148416
1150513
1150846
1151281
1151472
1154125
1155618
1155799
1156526
1157033
1157530
1158545
1160588
1166732
1166987
1167151
1168330
1169133
1171377
1171667
1172430
1172497
1173657
1175199
1178154
1179794
1180635
1180821
1183266
1185427
1185494
1185623
1186815
1187465
1191132
1191753
1196262
1198093
1198346
1200297
1200734
1202686
1204502
1205217
1206603
1207597
1208579
1210270
1213228
1213896
1213970
1215872
1218947
1220213
1221854
1227709
1228906
1229099
1229785
1230086
1230405
1230682
1231005
1231548
1232267
1232275
1233946
1234408
1235514
1236425
1237710
1238621
1238762
1238983
1239210
1239496
1239593
1240712
1243285
1243686
1247469
1247739
1248039
1249773
1252829
1253532
1254324
1256203
1259162
1259166
1259436
1259947
1262562
1264750
1264781
1264880
1267184
1268076
1269181
1270073
1272653
1272990
1274370
1278217
1279006
1279084
1280741
1284138
1284373
1286454
1289894
1290783
1290930
1292004
1292112
1293338
1294842
1296537
1298672
1299602
1299899
1302832
1302944
1303049
1311587
1313415
1315919
1316492
1316731
1316817
1318591
1319154
1319893
1320172
1320872
1320881
1322478
1323174
1323821
1325285
1327150
1327490
1329490
1330122
1331382
1331971
1332370
1332857
1333940
1334755
1338312
1338673
1341710
1343799
1347181
1347354
1347949
1348511
1348752
1350036
1351589
1352219
1352427
1355274
1355792
1360561
1361130
1361545
1361826
1363470
1363778
1364710
1365296
1365743
1366554
1367437
1369626
1369715
1370228
1371979
1373508
1374404
1376339
1376797
1377402
1380382
1381933
1382583
1382634
1382804
1383790
1384405
1384545
1386767
1387869
1389108
1390025
1394086
1396967
1400547
1404988
1405793
1406449
1406690
1408203
1409373
1410595
1412158
1412273
1413265
1415470
1416673
1419191
1422516
1422940
1424859
1425074
1425541
1425983
1427500
1427623
1428704
1429082
1431330
1434293
1435180
1436223
1438147
1439767
1441565
1443678
1444573
1445450
1451353
1451636
1452311
1454596
1454777
1455310
1455810
1456595
1458317
1458951
1459182
1460060
1461320
1462096
1462315
1465377
1468425
1468542
1472382
1472779
1472944
1478935
1481318
1485478
1487843
1488032
1489393
1490500
1491854
1495277
1495603
1495677
1495811
1498135
1499088
1507356
1509726
1509994
1510568
1511013
1512173
1514572
1518784
1518964
1523305
1523505
1523621
1525086
1525562
1525609
1526864
1527679
1530024
1532862
1533141
1535244
1535620
1536801
1539064
1539832
1540818
1541722
1541925
1542042
1543606
1547165
1548245
1549440
1550754
1550802
1551012
1551161
1551191
1556774
1557354
1561219
1562730
1564880
1567754
1569067
1569185
1569977
1572280
1572923
1572951
1573988
1574069
1575155
1575536
1575963
1576689
1577329
1580028
1580159
1580481
1582521
1582997
1585697
1585769
1586129
1586670
1588411
1590061
1590089
1590515
1590902
1591186
1592393
1593211
1594131
1595096
1596699
1597310
1597961
1598672
1598856
1599293
1599862
1600000
1601338
1604049
1604841
1605609
1606409
1607522
1608062
1608094
1608568
1610462
1613395
1613494
1614057
1614845
1616800
1617329
1617646
1619186
1619806
1620984
1622196
1622262
1623200
1623960
1627487
1632986
1633492
1633589
1634480
1637762
1638757
1639093
1639192
1640266
1642860
1645283
1647189
1647499
1647645
1647880
1653652
1654357
1655678
1657353
1658937
1660428
1661097
1662100
1662661
1663569
1665166
1666898
1667922
1669420
1670925
1671113
1672007
1673429
1673805
1675978
1677285
1677692
1679136
1679654
1682832
1683888
1683968
1684029
1684995
1686460
1689263
1690007
1690362
1691257
1691303
1691967
1694130
1696827
1697854
1702827
1703184
1704529
1705608
1706718
1707258
1707646
1708665
1709695
1709893
1709995
1713747
1716855
1718433
1721122
1722434
1722558
1724798
1725925
1730280
1731435
1732427
1736176
1739545
1740240
1741139
1744441
1746349
1747212
1748162
1749426
1750565
1751706
1752083
1753287
1757558
1757851
1760395
1763064
1763740
1764231
1764723
1765392
1768144
1770810
1774332
1776512
1777122
1777469
1779385
1781477
1782667
1782721
1785304
1785383
1785434
1785622
1786450
1790276
1791060
1791118
1796077
1797077
1797612
1797766
1799768
1802290
1803398
1804786
1806093
1807863
1807917
1810480
1811015
1811865
1813534
1813580
1815285
1815469
1816931
1817488
1817878
1817897
1819419
1819462
1820419
1821133
1821272
1826215
1826415
1826989
1828424
1829273
1829959
1833100
1833690
1835396
1836202
1836392
1839647
1840356
1840649
1841568
1842139
1845125
1845582
1847088
1850952
1851648
1853037
1853721
1853873
1854518
1855652
1855958
1856686
1856804
1858024
1859265
1860269
1860685
1860809
1863149
1865155
1867934
1868599
1868742
1869945
1870975
1871436
1871917
1873732
1873766
1874630
1876292
1877111
1877493
1885435
1885888
1890120
1890747
1891773
1891998
1892588
1894002
1895036
1896093
1896480
1897941
1898839
1902354
1903613
1903848
1904013
1905364
1905794
1906709
1910429
1910815
1911325
1912221
1916442
1917456
1919296
1919448
1920032
1925898
1927566
1927676
1928432
1928914
1929332
1930094
1930733
1933110
1933572
1934108
1934110
1934114
1934377
1935978
1937903
1939977
1941202
1942857
1943354
1947178
1949068
1950876
1953111
1954696
1956516
1956571
1959418
1962325
1963258
1965730
1966084
1967772
1967883
1969932
1969949
1971928
1972705
1973320
1974287
1974390
1974827
1975977
1976114
1977198
1978839
1980979
1981067
1982118
1982721
1984457
1985755
1986008
1986041
1987233
1987842
1990305
1990536
1990885
1991151
1992302
1993040
1993611
1994755
1995090
1996447
1999022
1999098
2001253
2003940
2006137
2006546
2009536
2010275
2011114
2011489
2011870
2012689
2016890
2016893
2017745
2020404
2021612
2022974
2025242
2026169
2026974
2027912
2028880
2029258
2030877
2031036
2034895
2034943
2038379
2038549
2041916
2042196
2044196
2045002
2045995
2046346
2046411
2046612
2046654
2047577
2048095
2048428
2048895
2049154
2052983
2055750
2055837
2056580
2057206
2058600
2059238
2060506
2062670
2063510
2064055
2064247
2066456
2067232
2067380
2067592
2067848
2068350
2074058
2075789
2076424
2078062
2078115
2080195
2080586
2081554
2082092
2085190
2087213
2088592
2090151
2090978
2091461
2093371
2093906
2094412
2095231
2098125
2098129
2100639
2105464
2107804
2109874
2113456
2113662
2114796
2114958
2120058
2120155
2120324
2120446
2120516
2120902
2123922
2124262
2126122
2126182
2130934
2131102
2133803
2134825
2137543
2138225
2138510
2139552
2139608
2143032
2143143
2143236
2143843
2144834
2144936
2145510
2146572
2146737
2146809
2147516
2147967
2148713
2149348
2150678
2155687
2158094
2158166
2159065
2160309
2161124
2161634
2161716
2162066
2163035
2163066
2165590
2169640
2170408
2170802
2172535
2173234
2173477
2174791
2177751
2181033
2181570
2186799
2187220
2190401
2191294
2191714
2193254
2196193
2198233
2199802
2200697
2202614
2203182
2207144
2207145
2208625
2212628
2213436
2214147
2217134
2217783
2218868
2219245
2219638
2219647
2220012
2223062
2225507
2228193
2230550
2232685
2234028
2234529
2234605
2235282
2239014
2240390
2241913
2243216
2243916
2244844
2245890
2247333
2247810
2252435
2253682
2254253
2257366
2258171
2262915
2263987
2264105
2264968
2267029
2268664
2271976
2272096
2275522
2278881
2279351
2280604
2281229
2282316
2284076
2284767
2284986
2286675
2287204
2288360
2289537
2294369
2295173
2296234
2296491
2296492
2296975
2296990
2297528
2298111
2300450
2300853
2301278
2302287
2302876
2302917
2305778
2310240
2310422
2314652
2315125
2315208
2317031
2317531
2318659
2318912
2319471
2319497
2323234
2323579
2324117
2325344
2328260
2331558
2331736
2333914
2334768
2336048
2337831
2338019
2338480
2339351
2339828
2340884
2341962
2342774
2343108
2344224
2345861
2345869
2346866
2356218
2362089
2362294
2364398
2364823
2365200
2365500
2368926
2372963
2373353
2374317
2375168
2375364
2376321
2378309
2378611
2379269
2380273
2380312
2381681
2381922
2384424
2384985
2385882
2388081
2392202
2392591
2393408
2394958
2396530
2397485
2397888
2397932
2398522
2398591
2398655
2400079
2400737
2401487
2401844
2405083
2405240
2407951
2410385
2411445
2411764
2412155
2413095
2414122
2414152
2418957
2419817
2422178
2425815
2426720
2427160
2432812
2433460
2435052
2436141
2436559
2436770
2441504
2442781
2443411
2443823
2443920
2446992
2448438
2449256
2450619
2452023
2456381
2457150
2457376
2458231
2459702
2460819
2461408
2462164
2463136
2464143
2465199
2468209
2468499
2468711
2469300
2470707
2472082
2472431
2474428
2478604
2480665
2481767
2482218
2482491
2484490
2484831
2484991
2485270
2485612
2485724
2486445
2487037
2487103
2490252
2490753
2491072
2491399
2493650
2495930
2497520
2498236
2499766
2502873
2504147
2505756
2506132
2508685
2509477
2512667
2516420
2518408
2524045
2524753
2525863
2526179
2527129
2529188
2529550
2529911
2532037
2532954
2534062
2535187
2535875
2537796
2538176
2538589
2538664
2540684
2541356
2541595
2544873
2545658
2546763
2547485
2549828
2552883
2553287
2557565
2558827
2560633
2561976
2562136
2565040
2565791
2567453
2567850
2572902
2573916
2577095
2577354
2579386
2581166
2581321
2582351
2582507
2583221
2584955
2585483
2586430
2586945
2587009
2587766
2590230
2591017
2591966
2595064
2595166
2599595
2605324
2605571
2606796
2607102
2610020
2610538
2613579
2614004
2614273
2614596
2614951
2616298
2616836
2617507
2620033
2620346
2620540
2620659
2621466
2621553
2623446
2623609
2625543
2626175
2626717
2627590
2627662
2630336
2631660
2637735
2639728
2642880
2643733
2648207
2648613
2649230
