392
478
663
1034
1243
2519
2549
2659
2662
2844
2945
3321
3404
3458
4343
4368
4483
4540
5210
5469
5569
5762
5856
6048
6334
6401
6438
6527
7462
7786
8895
9033
9225
9734
10100
10315
10374
10746
10897
10918
11810
12111
12582
12777
12947
12962
13003
13128
13337
13538
13583
13658
14452
14524
15137
15814
15859
16529
16596
16997
17041
17082
17369
18015
18082
18767
18848
19071
19106
19441
19679
19797
20230
20288
20735
21250
21874
22105
22158
22178
22503
22597
22807
24246
24511
24627
24744
25187
25267
25382
25403
25843
26016
26032
26295
26436
27202
27363
27373
27399
27461
27707
28437
28461
28475
28877
29556
29630
29907
30363
30852
31012
31616
31818
32338
32391
32742
32788
32794
32816
32887
33392
33635
33867
33959
34183
34467
34510
34537
34976
35564
36198
36200
36776
36978
37188
37577
37588
39687
40218
40527
40803
41084
41171
41192
41290
41355
41948
42218
42220
43096
43722
44203
44551
44866
45032
45115
45387
45475
45647
45856
46051
46200
46770
47010
47400
47501
48282
48678
48947
49209
49285
49324
49619
49882
51153
51746
51896
51968
52328
52344
52432
52747
53016
53332
53451
54301
54493
54721
55253
55519
55771
56069
56126
56226
56620
56791
57371
57565
57591
57633
57649
57672
58306
58415
58748
58749
58819
58828
58961
59811
59836
60438
60506
60593
60956
61139
61322
61360
61528
62499
62546
62618
62955
63092
63218
64162
64311
64505
64718
64871
65300
65430
65442
65794
65846
66058
66205
66962
67352
67355
67468
67759
67923
68281
68525
68729
69198
69444
69737
69785
69907
70873
71356
71366
71759
72001
72046
72334
72629
73895
74642
74915
74936
75992
76369
76590
76932
77154
77333
77338
77404
77768
77910
78005
78059
78258
79072
79227
79330
79395
79575
79633
79911
79940
80295
80860
80966
81027
81081
81157
81421
82316
82935
83562
83688
83696
84508
84776
85121
85692
86288
86698
86806
86828
87880
87897
88276
88345
88365
88568
88595
88805
89390
89753
90177
90244
90261
90854
90927
91137
91406
91587
91803
91895
91933
92042
92141
92170
92316
92372
92425
92778
92903
93184
93836
93903
94104
94323
94430
94847
94862
95194
95247
95507
95556
95803
96792
96836
97208
97237
97474
97535
97717
97877
97892
98002
98841
98950
99308
99386
99580
99820
99875
100126
100270
100435
100493
100963
101247
101690
101712
102196
102383
102744
103513
103634
103647
103738
103757
103781
103991
104105
104564
105188
105195
105331
105595
106109
106259
106268
106899
107006
107084
107204
107389
107882
107909
108029
108075
108086
108566
108717
109831
110372
110384
110832
111033
111425
111808
111810
112223
112956
113343
113445
113563
114194
114254
114286
114583
115383
115485
115904
116136
116433
116866
117119
117506
117834
117978
118007
118314
118886
118975
119173
119552
119620
119753
119900
120011
120389
120831
120912
121126
121306
121779
122321
122339
122363
122388
122447
122469
122724
122944
123173
123633
123756
123779
124145
124395
124755
124927
124942
125474
125501
125860
125889
126363
126669
126675
126973
126982
127196
127588
127657
127816
128180
128241
128448
128625
129310
129568
130673
130867
130890
131071
131354
131724
132333
132422
132890
132944
133398
133608
133642
134048
134195
134323
134432
134742
134845
135008
135170
135444
135545
135612
135803
136368
136375
136494
136836
136841
137293
137429
138030
138441
138681
138768
138945
139003
139478
139724
139816
139994
140321
140416
140767
140813
141159
141173
141193
141361
141932
142608
142797
143455
143589
143869
144069
144476
144517
144802
145051
145486
145534
145771
146076
146347
146387
146395
147182
147313
147315
147778
148033
148350
148385
149164
149355
149562
150233
150370
150597
150638
150703
151046
151349
151529
152062
152147
152172
152582
152619
152833
153056
153472
153553
153577
154028
154168
154630
154667
154669
154876
155142
155637
156813
156979
157047
157109
157658
157884
158152
158374
158427
158714
158718
158990
159035
159285
159355
159438
159503
159681
159776
159803
160257
160407
160517
161280
161494
161951
162011
162120
162874
162883
163301
164217
164433
164610
164910
165132
165142
165369
165523
166194
166348
166605
166931
167849
168527
168696
168953
168996
169072
169151
169229
169458
169471
169719
169816
169854
170093
170495
170496
170834
171000
171047
171941
172118
172412
173179
173243
173440
173463
174297
174586
174699
174737
175289
175349
175763
176426
176765
178340
178496
178719
179175
180069
180250
180293
180392
180564
180686
180743
181112
181165
181231
181402
181796
182041
182588
182620
182669
182794
183339
183436
183832
183838
183907
183941
184006
185372
186087
186411
186531
186645
187366
187751
187839
187961
188037
188298
188668
188827
189131
189327
189515
191160
191325
191421
191567
191869
191926
192058
192196
192275
192339
192448
193329
193691
193843
193885
194432
194458
194761
195057
196142
197655
197785
198077
198525
198766
199023
199046
199795
200596
200804
200880
201228
201515
201632
201746
201847
202114
202302
202754
202937
203538
204535
204537
204551
204712
204921
205376
205540
205577
205747
206121
206217
206351
206599
206718
206751
206865
207174
207575
207956
208124
208605
208667
208917
209041
209070
209254
209459
209979
210599
210763
211683
211753
212060
212086
212322
212498
212506
212521
212523
213621
214386
214549
214762
215109
215599
215914
216268
216738
216834
216839
217353
217511
218038
218437
218625
218823
219210
219216
219870
220139
220166
220434
220594
220603
221069
221483
221644
221752
222006
222158
223012
223455
223559
223956
224067
224192
224714
224839
224896
224964
225206
225219
225306
225485
225585
226166
226678
227107
227579
227729
228001
228048
228605
228907
229028
229031
229055
229498
229545
229959
231505
231752
232388
232625
232639
232888
233091
233659
233753
233966
234257
234517
234555
234639
234680
234719
235031
235141
235426
235688
236218
236450
236887
237092
237386
237524
238346
238431
238738
238816
238823
239108
239130
239183
239489
239603
240527
240990
241002
241080
241219
243167
243189
243236
243639
243665
243703
244100
245098
245277
245440
245617
245665
246107
247006
248272
248452
248860
249017
249471
249676
249904
249960
250109
250394
250539
250640
251130
251500
252114
252167
252230
252476
252706
252750
252766
253309
254308
254349
254391
255357
255564
255626
256048
256535
257066
257343
257501
257514
257583
257592
257842
258427
259083
259679
260239
260343
260845
260950
261173
261256
261307
261609
262178
262204
262436
262990
263181
263225
263288
263489
263644
263697
263722
263730
263985
264220
264661
264697
264785
264851
265051
265153
265174
265314
265349
265808
266128
266172
266277
266293
266344
266874
267090
267123
267431
267463
267588
268060
268143
268572
268813
269126
269304
269346
269366
269774
269808
269967
270520
270835
270849
271346
271419
271461
271503
271536
272374
272697
272716
273776
273806
273845
274317
274371
274386
274591
274921
274979
275196
275594
276415
276799
276929
277092
277133
277217
277768
277928
278032
278093
278437
278489
278526
278551
278671
279132
279226
279302
279886
279992
280143
280191
280708
280989
282079
282243
282391
282640
282727
282899
284217
284830
285165
285978
286194
286271
286655
287798
287804
288218
288268
288474
288806
288906
288949
289118
289320
289635
289824
289883
290446
290865
290965
291552
291908
292234
292679
292681
293159
293181
293339
293355
293625
293723
294233
294359
294470
295090
295207
295528
296813
296855
296879
296905
296954
297040
297172
297212
297726
297739
298327
298925
299599
299792
299799
300016
300136
300225
300974
301046
301766
301794
301876
302248
302273
302457
302697
302907
303346
303842
304045
304413
304416
304981
305263
305879
306130
306622
306838
307198
307537
307716
308289
308306
308683
308725
308795
308933
309240
309334
309480
310420
310722
310780
311193
311843
312177
312299
312479
312900
312920
312990
313926
313975
314159
314385
314477
315751
315769
316421
316666
316713
316737
316739
317398
317494
317711
317998
318771
318783
318936
319116
319499
319632
319833
320055
320250
320341
321259
321359
321987
322163
322675
322994
323026
323045
323697
323798
323888
324321
324590
324705
324800
325427
325573
325734
325849
326136
327177
327787
328382
328746
328844
329440
330079
330172
330382
330646
331154
331652
331888
332045
332105
332355
332513
332826
333080
333788
333865
334155
334162
334473
334846
335053
335135
335326
335572
335840
336097
337138
337186
337572
337621
337681
337903
338591
338656
340304
340618
341330
342334
342360
342479
342593
342616
342786
343592
344096
344241
344434
344802
344824
344836
344877
344936
345102
345568
345574
345610
345638
346108
346182
346238
346505
346506
346554
346982
347890
348115
348204
348253
349140
349167
349791
349833
349958
350115
350368
350697
351789
351951
352233
352359
352883
352994
353225
354308
354325
354326
354344
354374
354612
354659
355052
355089
355414
355763
355981
356003
356103
356651
356998
357472
358190
358313
358688
358714
359465
359492
359668
359736
360309
360367
360411
360412
360511
360671
361308
361403
361407
361702
362476
362780
363014
363371
363680
364212
364342
365034
365036
365110
365189
365417
365475
365566
365588
365837
366163
366284
366736
366870
366888
367100
367271
367401
367990
368013
368903
368905
369430
369854
370191
370452
371488
371644
371714
371812
372634
372976
373328
373372
373385
373700
373775
373920
374061
374336
374439
374459
374462
374814
374860
374974
375153
375695
375702
375741
376364
376505
376744
377649
377798
378020
378766
379310
379813
379912
381001
381524
381653
381745
381787
381863
382228
382237
382673
382771
383293
383468
383528
383824
383915
384194
384245
384563
384793
384993
385070
385268
385306
385405
385450
385548
385569
385638
385748
385823
385927
386082
386625
386671
386967
387170
387171
387200
387684
387841
387951
388366
388372
389171
389240
389246
389389
389453
389632
389863
390215
390350
391748
391832
392235
392256
392303
392420
392761
392925
393001
393140
393226
393470
393664
394229
394507
394598
395006
395120
395459
395590
396249
396293
396527
396805
396960
396964
397301
397405
397456
397613
398371
398468
398762
398887
399071
399133
399284
399606
399645
399646
399677
399703
400795
400804
401137
401150
401590
403237
403300
403473
403876
403972
404165
404352
404589
405819
406957
407294
407796
407875
408290
408394
408433
408492
408591
409249
409260
409302
409355
409538
409713
411141
411295
411335
411468
411471
411573
411636
412001
412177
412312
412523
413076
413126
413877
414217
414243
414286
414396
414777
415217
416077
416173
416266
416606
416726
417530
418127
418191
418401
418751
418825
419354
419415
419653
420655
420710
420969
421300
421529
421794
421858
422050
422318
422999
423001
423093
423304
423684
424128
424548
424557
424958
425106
425180
425537
425607
425953
426152
426285
426804
427125
427241
427400
427692
427827
427891
427915
428189
428264
428657
428692
429242
429493
429706
430308
430472
431241
431616
431826
432012
433080
433154
433479
433490
433517
435463
436654
436707
436747
436957
437074
437339
437485
439504
439683
439921
439971
440180
440203
440264
440352
440841
440947
440955
440988
441206
441587
441648
441674
441842
441900
442573
442685
442702
443122
443572
444079
444801
444887
445339
445931
446060
447008
447156
447256
447707
448872
448894
449132
449359
449632
449762
450014
450333
450608
450796
450825
450924
451778
452039
452281
453333
453901
454374
454635
454925
454953
455134
455146
455570
455751
455843
456055
456096
456254
456311
456324
456381
456589
456904
457004
457066
457756
458215
458283
458499
458606
458638
458790
459138
459492
459494
459587
460411
460487
462258
462528
462723
463097
463325
463830
464273
464366
464559
464764
464879
465060
465077
465119
465580
465754
465798
465882
465997
466022
466053
466212
466241
466330
466525
466681
467021
468254
468331
468936
469151
469349
469827
469870
470459
470772
470843
471186
471312
471599
471607
471673
471966
472122
472490
472613
472731
472954
473062
473208
473686
473720
473924
474202
474453
475210
475245
475631
477002
477463
477550
477707
477955
478470
478572
478630
478754
479121
479453
479539
479610
479999
480289
480565
480664
480837
481547
482366
482854
483299
483323
483553
484101
484141
484343
484807
485072
485084
485091
485246
485901
485965
486404
486770
486778
486926
487039
487875
488508
488587
489259
489573
489721
489936
490534
490864
490906
491089
491833
492269
493041
493423
493629
493689
493745
493772
493912
494823
494980
495006
495388
495712
495881
496554
496933
497206
498180
498258
498949
499585
499786
500074
500315
500365
500575
500583
500880
500958
501428
501808
501969
502360
502491
503221
503610
503613
503870
504047
504051
504148
504321
504328
504408
504503
504608
504869
505223
505561
505584
505801
505872
506102
506313
506466
506572
506602
506705
507074
507269
507369
508439
508496
508585
508662
508700
508922
508942
509424
509684
509786
509926
509975
510129
510153
510178
510359
512296
512438
513154
513482
513568
513586
514447
514497
514611
514655
515115
515150
516053
516260
516721
516779
516891
517631
517821
518011
518195
518641
519064
519508
519679
519689
519744
519866
520038
520371
521567
521690
521944
522013
522065
522085
522298
522684
522696
522914
523130
523495
523929
524046
524163
524344
524941
525368
525382
525518
525993
526148
526729
526731
526744
526746
527151
527276
527586
527603
527769
528708
529169
529479
530218
530424
530456
530525
530544
530570
531550
531626
531806
531919
532177
532486
532937
533050
533373
533742
534346
534374
535124
535503
535816
536040
536047
536237
536535
536709
536818
537205
537417
537495
537527
537538
537597
538171
538479
538855
538957
539219
540014
540030
540124
540261
540359
540553
540697
540725
540823
541403
542137
542593
542953
543005
543016
543394
543874
543891
544156
544642
544787
545212
545498
545664
546003
546237
547307
547563
547691
548114
548412
549238
549407
549853
550157
550289
550746
551030
552159
552602
552717
553231
553544
553554
553648
553871
554078
554594
555201
555328
555552
555857
556116
556227
556654
556725
556999
557043
557685
557690
557719
557781
557918
557997
558108
558171
558228
558262
558609
559119
559664
559844
559922
560310
560443
560445
560481
560509
560757
560880
561083
561145
561579
561624
561946
562156
562177
562436
562544
562605
562878
562922
562972
563447
564467
565311
566017
566154
566387
566514
566635
566743
566963
566989
567175
567266
567297
567319
567341
567400
567637
567748
568001
568318
568319
568335
568596
568992
569063
569336
569547
570219
570333
571065
571079
571196
571263
571304
571349
571482
572079
572135
572188
572357
572480
572727
572852
572975
573053
573250
573803
573885
574500
574730
574801
575157
575484
575728
575897
575905
576039
576304
576326
576366
576523
576574
576996
577324
577467
577598
577734
577863
577867
577997
578113
578169
578697
578771
578869
579187
579895
580058
580426
580699
581109
581278
581426
581704
582444
582858
582876
583204
583264
583708
583843
583965
584048
584064
584446
584517
585152
585435
585557
585572
585922
586275
586556
587891
587947
588343
588500
588589
588632
588650
588712
588823
589043
589122
589315
589572
589682
590552
590624
590862
591250
591258
591750
592096
593303
593741
593772
593862
593885
594458
594675
594712
595076
595077
595422
595446
595744
595802
595948
596545
596682
597433
597964
598256
598260
598386
599025
599132
599327
599366
600352
600458
601028
601035
601315
601317
601593
601784
602091
602116
602673
603089
603477
603552
604519
605161
606256
606352
606832
607028
608016
608046
608076
608238
608498
608508
609860
610181
610292
610467
610583
610622
610756
611603
611640
611713
611955
612063
612166
612564
612641
612682
613645
614729
614904
614934
615416
615464
616298
616307
616322
616697
616921
617099
617202
617679
617760
618059
618427
619156
619557
619939
619967
620241
620714
620721
621080
621302
621671
621943
623229
623240
623850
623943
623977
624124
624187
624574
624813
625200
625232
625675
626165
626375
626413
626430
626437
626558
626731
626899
627852
628053
628155
628884
629568
629614
629664
629815
630263
630626
630638
631328
631788
632121
632303
632414
632916
632944
633636
633841
634174
634216
634322
634399
634560
634649
634908
635093
635101
635154
635529
635638
635789
635834
636144
636421
636689
636890
637131
637208
637354
637496
637515
637631
638138
638183
638279
638289
638291
638525
639090
639181
639320
639527
639546
640298
640303
640598
640868
640950
641055
643164
643555
643733
644558
645049
645384
645564
645668
645747
645764
645796
646031
646150
646558
646765
646789
647018
647204
648125
648182
648601
648740
648852
648868
649606
649704
649860
650227
650268
650509
650645
650858
651192
651360
651625
652310
652354
653240
653471
654357
655048
655287
655447
655740
655775
655875
656039
656045
656501
656661
657334
657764
657786
657924
658198
658215
658258
659349
659505
660296
661081
661153
661235
661538
661672
661708
661713
661746
661999
662049
662072
662158
662377
662505
663230
663343
663559
663775
664391
664705
664810
664859
664875
665807
665926
666228
666235
667417
667730
667746
667957
668501
668879
668899
668913
669082
669633
670407
670719
671130
671220
671244
671523
672073
672215
672713
672851
673187
673588
673595
674469
674777
674937
675333
675512
675910
676030
676119
676197
676832
676927
677087
677273
677487
677609
677700
677779
677948
678030
678049
678348
678351
678467
678509
679280
679445
679546
680004
680222
680573
681781
681814
681854
682550
682608
682783
682937
683217
683604
683751
683823
684269
684537
684676
685419
685607
685613
686023
686244
686277
686813
687123
687229
687241
687756
688051
688135
688369
688392
688553
688636
689091
689106
689229
689356
689533
689582
689854
690400
690618
690717
690938
691210
691245
691588
691785
691914
691936
691968
692012
692085
692831
692868
693162
693228
693726
693770
693791
694210
694278
694332
694348
694791
695079
695304
695379
695593
695754
695921
696142
696195
696371
696481
697814
698437
698461
698642
699835
700589
700816
701052
701461
702105
702720
703081
703318
703388
703546
703589
703608
703690
703691
704041
704052
704066
704101
704199
704237
705060
706181
706182
706282
706614
706697
706838
706943
707270
707653
707826
707873
707913
707937
707940
708216
708272
708485
708542
709035
709411
709710
709921
710150
710161
711396
711644
711715
711774
711806
711812
712221
712244
713352
713416
714070
714217
714361
714576
714985
715116
715848
715898
716506
716572
717439
717684
717753
717777
717803
717866
717931
718057
718309
718371
718717
718784
718873
719014
719168
719696
719819
720730
720839
720881
721040
721068
721378
721414
721648
722126
722983
723365
723916
723964
723986
724051
724066
724550
724691
724994
725720
725765
725861
725965
726307
726354
727477
727828
728284
728348
728481
729182
729361
729503
729585
729596
729728
729753
730697
730752
730821
731321
731464
732072
732278
732422
732681
733147
733349
733401
733852
733993
734178
734264
734448
734755
734773
734833
735007
735515
736100
736153
736457
736743
736827
737177
737214
737343
737345
737509
737529
738119
738649
739016
739472
740168
740443
740693
740947
740962
741229
741528
741891
741993
742012
742738
743164
743229
743431
744335
744356
744524
744631
745682
745776
745822
745998
746021
746076
746551
746763
746876
747365
748083
748291
748300
748327
748707
748852
748919
749315
749940
750138
750591
751007
751437
752026
752221
752579
752795
752844
753070
753091
753183
753230
753537
753899
754663
754670
754731
754751
755344
755459
755871
756336
756544
756659
756743
757019
757253
757314
757485
757607
757776
757841
758044
758118
758181
758424
758574
758739
759213
759262
759496
759830
759944
760602
760913
761167
761746
761877
762381
763154
763248
763333
763613
763876
764422
764565
765211
765376
765612
765913
766174
766419
767074
768032
768068
768139
768641
768822
769047
769088
769434
769976
770322
771180
771292
771335
771348
771447
771582
771729
771855
771866
771873
772034
772118
772432
772439
772590
772679
773036
773489
773512
773513
774423
774544
775503
775775
776135
776527
776612
776618
777172
777549
777618
777652
777679
778081
778192
778730
778796
779287
779835
779864
780064
780579
780871
780931
781287
781398
781453
781575
781645
781748
782308
783689
783690
784003
784080
784220
784295
784329
784485
784699
784798
785427
785489
785532
785613
786827
787738
787985
788207
788414
788419
788627
788741
788838
789517
789562
789683
789805
790144
790237
791049
791079
791779
791839
792580
793467
793690
793862
793954
794227
794248
794472
794657
794933
795014
795363
795876
796046
796297
796390
796428
796854
797029
797896
798099
798159
798707
798808
799296
799584
799775
800057
800266
800739
800776
800857
801523
801573
802083
802256
802479
802626
802942
803060
803128
803274
803386
803666
804131
804201
804476
804915
804970
805303
805365
806077
806262
806292
806791
807507
807530
807782
807829
808227
808256
808452
808550
808563
808933
809468
809684
809740
810210
810296
810344
810562
810608
810621
810735
810904
811139
811245
811384
811720
811788
812094
812360
813025
813089
813609
814458
814518
814624
814711
814771
814820
815065
815197
815576
815638
815994
816548
817116
817269
818485
818838
818929
819113
819863
820219
820272
820418
820427
820605
820923
821027
821205
821277
821625
821911
822287
822613
822661
823630
823941
824368
824471
824711
825448
825474
825839
826565
826880
827530
827872
827933
828009
828095
828356
828444
828567
828605
828766
829106
829713
830131
830369
830430
831092
831257
831488
831522
831826
832070
832405
832423
832581
832883
833003
833551
833631
833677
833817
833964
834387
834573
834785
835341
836010
836232
837396
837530
837555
837813
838169
838773
839496
839718
840469
840502
840539
840558
840675
840700
840785
840878
841604
841608
841755
841988
842144
842175
842519
842546
842833
842921
843454
843780
844004
845240
845689
845876
845891
845991
846072
846460
846672
846686
847313
847588
847664
847677
847685
847752
848094
848518
849035
849365
849565
849705
849925
850669
850845
851108
851211
852685
852846
853095
853233
853247
853249
853344
853962
854337
855185
855392
856145
856313
856486
856753
856780
857219
857360
857689
858204
858445
858666
858771
858948
859289
859876
860024
860046
860375
860397
860566
860594
860624
860812
860887
860969
861320
861613
862111
862577
862885
862899
862955
863084
863523
864044
864182
864596
865092
865576
865768
865790
865986
867021
867444
867449
867545
867546
867962
868501
868670
868680
868720
869082
869388
869479
869956
870354
870671
870762
871528
871851
872262
872407
872496
872502
872826
872845
873226
873377
873395
873531
873964
874269
874352
874955
875290
876568
876633
876766
877065
877106
877668
877745
878307
878468
879173
879221
879315
879395
879472
879604
879832
880271
881049
881111
881137
881161
881198
881338
881448
881783
881950
882200
882321
882418
882431
882468
882792
883391
883505
883515
884214
884231
884300
884422
885147
885426
885631
885808
885930
886158
886531
886648
886711
887064
887432
887546
887656
888334
888841
889096
889186
889539
889786
889847
889897
890325
891126
891237
891800
891811
892383
892726
893053
893565
894660
894679
894965
895080
895228
895445
895549
895821
895896
895963
896318
896331
896357
896366
896635
897162
897238
897564
897654
898331
898708
899229
899609
900579
900699
901111
901557
901644
902073
902270
902347
902401
902694
903949
904558
905134
905610
905823
906918
907340
907475
907523
907627
907715
907874
908309
908493
908626
908722
908841
908868
909077
909199
909367
909628
909891
910479
910558
910869
911270
911353
911525
912546
913156
913515
913536
913832
913975
914025
914211
914231
914249
914922
914997
915162
915827
915979
916295
916460
916616
916628
917007
917314
917539
917580
918008
918772
918835
918883
919031
919047
919622
919977
920421
921155
921244
921276
921327
921644
921677
922362
922391
922551
923270
923380
923646
923930
924157
925336
925403
926173
926264
926449
926486
926595
926664
926783
927210
927541
927696
928551
928560
928711
928807
928932
929111
929141
929617
929635
929824
929989
930275
930399
930671
930822
930841
930937
931106
931131
931298
932030
932033
932136
932494
932624
932954
932978
933186
933493
933819
934172
934354
934578
934635
934657
934693
934962
935429
935837
936111
936746
936931
937047
937274
937381
938210
938264
938593
939057
939303
939635
939678
940016
940253
940778
941144
941192
942194
942785
943157
943534
943609
943734
943966
943986
944044
944876
945406
945510
945578
945611
946544
947040
947309
947483
947684
947794
947955
948124
948457
948605
948774
948780
949167
949510
950068
950698
951323
951491
951988
952076
952335
952622
953016
953086
953352
953425
953851
954037
954493
954715
954718
954733
955271
955477
955883
956103
956314
956530
956739
956839
956887
957209
957238
957239
957334
957348
957516
957647
957945
958128
958279
958297
958682
958796
959020
959160
959331
959717
959960
960427
960776
960877
961239
961346
961416
961481
961949
962334
962423
963007
963541
963858
964279
964282
965262
965368
965454
966097
966538
966580
967334
967647
967756
968026
968086
968521
968885
969152
969313
970590
971033
971549
972029
972152
972192
972294
972400
972494
972624
972840
972914
973129
973224
973655
973667
973870
974033
974162
974448
974694
974940
975290
975522
976123
976132
976191
976468
976905
977002
977354
977634
977726
977872
977944
978154
978231
978881
979205
979353
979763
980367
981196
981290
981489
981909
982118
982145
982920
982962
983078
983511
983928
984016
984128
984428
984847
985187
985268
985407
985442
985448
985771
986027
986111
986214
987034
987096
987204
987685
987936
987996
988056
988124
988463
988500
988540
988571
988658
988997
989311
989386
990082
990204
990659
991307
991926
992028
992903
993115
993123
993400
993403
993559
993855
994004
994126
994405
994790
995556
996163
996191
996198
996541
996759
996804
996942
997831
997894
998133
998802
999492
999527
999750
1000170
1000287
1000868
1001294
1001521
1002452
1002455
1002517
1002571
1002626
1002695
1002729
1003025
1003146
1003340
1003599
1003621
1003642
1003643
1003663
1003669
1003705
1003746
1004046
1004272
1004452
1005018
1005024
1005510
1005657
1005796
1006054
1006129
1007115
1007124
1007248
1007259
1008232
1008283
1008843
1008989
1009089
1009327
1009431
1009532
1009580
1009920
1010143
1010799
1011025
1011036
1011256
1011437
1011513
1011557
1012027
1012086
1012287
1012638
1012791
1013166
1013177
1013527
1013603
1013712
1013733
1014313
1014783
1015188
1015705
1016050
1016757
1016924
1017078
1017102
1017144
1017623
1017779
1017813
1018001
1018194
1018679
1018798
1019359
1020165
1021258
1021661
1021777
1021806
1022792
1022870
1022925
1023411
1024066
1024284
1024380
1024425
1024568
1024581
1024876
1024981
1025030
1025484
1025620
1025803
1025930
1026006
1026046
1026661
1026720
1026798
1027300
1027444
1027474
1027771
1027887
1028188
1028267
1028840
1029027
1029244
1030022
1030168
1030379
1030566
1030807
1030808
1031581
1031811
1031845
1032551
1032684
1033080
1033862
1034026
1034068
1034326
1034334
1034993
1035089
1035405
1035507
1035520
1035843
1035958
1036028
1036085
1036139
1036412
1036694
1036809
1036921
1037978
1037981
1038072
1038416
1038475
1039452
1039554
1039555
1039765
1039780
1040186
1040282
1040462
1040624
1040689
1040817
1040860
1041162
1041412
1041462
1041849
1042520
1042549
1043021
1043551
1043608
1043685
1044187
1044602
1044838
1044894
1045147
1045964
1046393
1046408
1046564
1046616
1047217
1047298
1047377
1047497
1047598
1047774
1047911
1048038
1048812
1049426
1050661
1051400
1051647
1051667
1051731
1051791
1052647
1052737
1053189
1053483
1053848
1053864
1053891
1053976
1054141
1054239
1054341
1054752
1054880
1054982
1055052
1055944
1056973
1057188
1057301
1057519
1057595
1057627
1058498
1058598
1058762
1058831
1059055
1059082
1059264
1059341
1059589
1059608
1059742
1059845
1060412
1060981
1061034
1061150
1061611
1061977
1062260
1062569
1062658
1062797
1063133
1063376
1063516
1063801
1064067
1064083
1064177
1064555
1064739
1065163
1065472
1065605
1065867
1065870
1066047
1066172
1066190
1066317
1066626
1066688
1066926
1067399
1067789
1068245
1068647
1068883
1069053
1069082
1070263
1071120
1071185
1071506
1071542
1072132
1072629
1072957
1073242
1073340
1073836
1074023
1074237
1074312
1074447
1075294
1075659
1075909
1075960
1075984
1076037
1076106
1076397
1076412
1076473
1076678
1077151
1078182
1078333
1078399
1079004
1079323
1079956
1079986
1080071
1080248
1080280
1080329
1080426
1081096
1081391
1081426
1081758
1081765
1082405
1082415
1082534
1083076
1083085
1083688
1083763
1083798
1083962
1083966
1084165
1084527
1084763
1085017
1085169
1085543
1085799
1085867
1085991
1086053
1086164
1086350
1086624
1086728
1087046
1087076
1087513
1087963
1088143
1088152
1088472
1088531
1088535
1088652
1088781
1089170
1089916
1090052
1090240
1090378
1090934
1091522
1092006
1092269
1093686
1094101
1094708
1095354
1095707
1096678
1097059
1097199
1097336
1097522
1098188
1098263
1098323
1098628
1098946
1098982
1099002
1099145
1099179
1099180
1099221
1099539
1099631
1099877
1099901
1100708
1100733
1100899
1100921
1100940
1100942
1101337
1101627
1102249
1102330
1102362
1102468
1102839
1102969
1103030
1103375
1103389
1103414
1103801
1104128
1104497
1105016
1105260
1105489
1105649
1106297
1106523
1106722
1106762
1107298
1107695
1107746
1108122
1108511
1108616
1108775
1109228
1109617
1109973
1110077
1110267
1110385
1110839
1110853
1111977
1112161
1112208
1112879
1112963
1112974
1113515
1113689
1114228
1114429
1114856
1115178
1115427
1115490
1115617
1116129
1116412
1116496
1117463
1117599
1117642
1117871
1117970
1118030
1118177
1118565
1119265
1119543
1120374
1120476
1120505
1120761
1120791
1120906
1120974
1121908
1121984
1122237
1122351
1122697
1122789
1122906
1123275
1123299
1123742
1123890
1124438
1124809
1125264
1125392
1125440
1125795
1125966
1126831
1127093
1127341
1127343
1127435
1127449
1127458
1127513
1127837
1128644
1129327
1130127
1130152
1130491
1130530
1130779
1130924
1130961
1131009
1131121
1131569
1131767
1132431
1132726
1133205
1133362
1133692
1133761
1133912
1134011
1135399
1135846
1136141
1136549
1136913
1136979
1136984
1137332
1137785
1137838
1138203
1138262
1138452
1138731
1139365
1139599
1139743
1139937
1140890
1141972
1142413
1143382
1143452
1143504
1144165
1144540
1144608
1144712
1145152
1145552
1145572
1145794
1146013
1146120
1146159
1146212
1147208
1147352
1148367
1148569
1148655
1148739
1149049
1149588
1149635
1149909
1150203
1150555
1150770
1151298
1151441
1151677
1151739
1152426
1152506
1153127
1153745
1153781
1154443
1154784
1155076
1155093
1155235
1155482
1155589
1156025
1156415
1156792
1157031
1157085
1157440
1157513
1158231
1158255
1158284
1158392
1158519
1158538
1158546
1158725
1158899
1158940
1158991
1159719
1159766
1159989
1160075
1160087
1160297
1161163
1161710
1162187
1162415
1162603
1162785
1162805
1163325
1163566
1163629
1163872
1164053
1164081
1164136
1164140
1164730
1164813
1164832
1164914
1165045
1165058
1165778
1165840
1165862
1166058
1166377
1166732
1166831
1166964
1167278
1167568
1168596
1168708
1168932
1169719
1169918
1169929
1170353
1170495
1170568
1171714
1171755
1171848
1171997
1172271
1172310
1172322
1172381
1172884
1173066
1173486
1173858
1174259
1174390
1174447
1174774
1174780
1174848
1174915
1174978
1175278
1175332
1176051
1176054
1176062
1176571
1176626
1176730
1176842
1177812
1177908
1178433
1179512
1179592
1179658
1181035
1181053
1181419
1181588
1181621
1182341
1182796
1182843
1182871
1183267
1183306
1183559
1183586
1184074
1184414
1184641
1185001
1185929
1186348
1186456
1186506
1186603
1187052
1187334
1187402
1187786
1187957
1188753
1188907
1189139
1189247
1189352
1189598
1190866
1191044
1191486
1191739
1191771
1192435
1192572
1192809
1193255
1193444
1193465
1193627
1193921
1193934
1194033
1194121
1194533
1194770
1195092
1195318
1196339
1196854
1197046
1197306
1197950
1198500
1198604
1198690
1198813
1198949
1198975
1199337
1199619
1199658
1199731
1199771
1199917
1200016
1200525
1200698
1200893
1200972
1201934
1203478
1203600
1203610
1203772
1203859
1204374
1204430
1204639
1204649
1204656
1205407
1205710
1207006
1207140
1207213
1207220
1207277
1207975
1208055
1208069
1208121
1208129
1208514
1210025
1210371
1210382
1210422
1210584
1211101
1211215
1212060
1212507
1212852
1213221
1213434
1214583
1214727
1214908
1215177
1215385
1215386
1215530
1215549
1215820
1216380
1216524
1216977
1217212
1217366
1217394
1217618
1217752
1217773
1217812
1218085
1218438
1218770
1218854
1219074
1219172
1219352
1219391
1219785
1220395
1220603
1221548
1221666
1221950
1221973
1222005
1222318
1222334
1222377
1223165
1223180
1223306
1223451
1223817
1224184
1224596
1224753
1225478
1225854
1225965
1226020
1226573
1226604
1226709
1226711
1226748
1226764
1226789
1226865
1226914
1226922
1227141
1227276
1227647
1227701
1227709
1227788
1229650
1229828
1229890
1229955
1230564
1230861
1231676
1232103
1232275
1232442
1232582
1232604
1232889
1233169
1233232
1233467
1233833
1234408
1234525
1235132
1235574
1235790
1235956
1236090
1236098
1236357
1236546
1236627
1237118
1237167
1237502
1237723
1238205
1238370
1238558
1239051
1239101
1239143
1239547
1240283
1240468
1240971
1241797
1242099
1242778
1243284
1243463
1243566
1244016
1244086
1244109
1244401
1244693
1244733
1244916
1244918
1244999
1245209
1245318
1245401
1245806
1245874
1246764
1247189
1247343
1247501
1247541
1247726
1247760
1248680
1248915
1248969
1249138
1249140
1249194
1249238
1249529
1250002
1250371
1250427
1250799
1251017
1251664
1251899
1251942
1252020
1252711
1253026
1253085
1253316
1253507
1253784
1254279
1254575
1254884
1255042
1255057
1255064
1255108
1255274
1255580
1255695
1255976
1256076
1256768
1256815
1256825
1256833
1257164
1257315
1257537
1257850
1257986
1258072
1258187
1258332
1258573
1258599
1258765
1260337
1260410
1260412
1261345
1261594
1261638
1261892
1262092
1262252
1262307
1262596
1262703
1262982
1263101
1263130
1263399
1263602
1263607
1263669
1264034
1264057
1264143
1264582
1264696
1264740
1265630
1265818
1265877
1265934
1265937
1265956
1265998
1266360
1266712
1266793
1267026
1267101
1267259
1267277
1267537
1267741
1267777
1267860
1267903
1267976
1268533
1269157
1269534
1269763
1270098
1270238
1270270
1270627
1271171
1271404
1271413
1271426
1271544
1271812
1272141
1272183
1272396
1272562
1272599
1273403
1273702
1274068
1274221
1274347
1274788
1275535
1275867
1275881
1276971
1277259
1277315
1277430
1277532
1277686
1278035
1278112
1278144
1278197
1278599
1279090
1279972
1280015
1280061
1280192
1280679
1280831
1281319
1281409
1282101
1282298
1282311
1282313
1282414
1282811
1282822
1282967
1283867
1283988
1284077
1284788
1284969
1285020
1285488
1285842
1286167
1286382
1286388
1286457
1286463
1286562
1286584
1286909
1286999
1287067
1287553
1287583
1287878
1288826
1288929
1288972
1289623
1289653
1289808
1289985
1290603
1291641
1291852
1293051
1293202
1293456
1293758
1293925
1294214
1294282
1295020
1295138
1295357
1296000
1296322
1296336
1297103
1298142
1298511
1298717
1298806
1299244
1299443
1299678
1300172
1300318
1300493
1300519
1300541
1300725
1302488
1302495
1302507
1302771
1302963
1303129
1303390
1303513
1303931
1304298
1304627
1304814
1304847
1304867
1305098
1305549
1305628
1306007
1306194
1306293
1306363
1306392
1306594
1307024
1307118
1307149
1307268
1307844
1307859
1307862
1308104
1308127
1308273
1308302
1308492
1308601
1308634
1308644
1309302
1309393
1309414
1309496
1309503
1309505
1309815
1310126
1310151
1310155
1310538
1310545
1311573
1311658
1312288
1312324
1312444
1312732
1313340
1313529
1313635
1313841
1314740
1314824
1314980
1315372
1315538
1315790
1316077
1316350
1316477
1316574
1317190
1317639
1317692
1317788
1317934
1318091
1318211
1318571
1318624
1319065
1319466
1319501
1319662
1320037
1320185
1320407
1320514
1321132
1321190
1321204
1321338
1322625
1323321
1323688
1323761
1324484
1324807
1325059
1325224
1325392
1325664
1325686
1325753
1325922
1326006
1326731
1327114
1327124
1327165
1327782
1328698
1329096
1329595
1329827
1330319
1330476
1330668
1330771
1330794
1330878
1331022
1331185
1331406
1331733
1332116
1332203
1332598
1332857
1332895
1333005
1333520
1333976
1334039
1334313
1335133
1335241
1335254
1335316
1335591
1335621
1335718
1335760
1336136
1336172
1336174
1336439
1336860
1337430
1337705
1337795
1338035
1338417
1338766
1338947
1339255
1339410
1339663
1340119
1340133
1340177
1340524
1340581
1340697
1341040
1341078
1341237
1341505
1341560
1342172
1342211
1342306
1342320
1342399
1342430
1342518
1342709
1342807
1343136
1343192
1343950
1344323
1344592
1344787
1345089
1346104
1346151
1346523
1346571
1346708
1346721
1346880
1347069
1347351
1347633
1348044
1348146
1348641
1348701
1349785
1350010
1350036
1350212
1350344
1350464
1350535
1351179
1351674
1351796
1352659
1352781
1352826
1352886
1352887
1352982
1353174
1353591
1353637
1353876
1354009
1354150
1354436
1354596
1354893
1355051
1355120
1355149
1355315
1356096
1356370
1356581
1356632
1356762
1357007
1357799
1358067
1358492
1358499
1358602
1358904
1359394
1359521
1359523
1359577
1359588
1359594
1359975
1360238
1361130
1361535
1361884
1361952
1362317
1362955
1362960
1363065
1363073
1363089
1363213
1363495
1363616
1363646
1363663
1364250
1364318
1364890
1365599
1366913
1367104
1367865
1367877
1368415
1368548
1368628
1369046
1369584
1369726
1370190
1370287
1370744
1370904
1371287
1371294
1371305
1371434
1371462
1371581
1372143
1372307
1372794
1372917
1373020
1373153
1373177
1373215
1373447
1374049
1374672
1374773
1374792
1374813
1374916
1375048
1375545
1375625
1376050
1376317
1377213
1377264
1377401
1377579
1377655
1377773
1377785
1377801
1378090
1378126
1378284
1378602
1379975
1380317
1380479
1380710
1380804
1381366
1381700
1381750
1381856
1381944
1382958
1383092
1383450
1383829
1384455
1384658
1384701
1384831
1385369
1385413
1385643
1385996
1386187
1386531
1386808
1387036
1387670
1387721
1388190
1388242
1388628
1388640
1389011
1389150
1389690
1389778
1389947
1390004
1390184
1390997
1391481
1391538
1391556
1392048
1392114
1392647
1392773
1392893
1393053
1393188
1393556
1393732
1393836
1394348
1394377
1394396
1394499
1394569
1394695
1394929
1394962
1395436
1395649
1395969
1396071
1396173
1396231
1396467
1396616
1396642
1396738
1396941
1397482
1397651
1397679
1398768
1398950
1398986
1399200
1399461
1399583
1400077
1400214
1400980
1401176
1401181
1401207
1401233
1401740
1401895
1402325
1402939
1403388
1403520
1403744
1403829
1403973
1404466
1404565
1404658
1404789
1405122
1405609
1405615
1405651
1406374
1407130
1407801
1408291
1408577
1409006
1409675
1409728
1409827
1409890
1410819
1411206
1411334
1411366
1411414
1411822
1411831
1412156
1412933
1413466
1413471
1413633
1413675
1413839
1414000
1414013
1414096
1414750
1414934
1415155
1415526
1415789
1415861
1415977
1416066
1416588
1416837
1417234
1417474
1417774
1417952
1418058
1418568
1418623
1418843
1418854
1418861
1419139
1419783
1419840
1419875
1420735
1420965
1421326
1421579
1421637
1422322
1422820
1423069
1424143
1424240
1424776
1424815
1426688
1427002
1427066
1427363
1427826
1428058
1429121
1429294
1429469
1429521
1429707
1430066
1430115
1430899
1430920
1430991
1431604
1431775
1432211
1432620
1432650
1433435
1433474
1433952
1434016
1434018
1434256
1434336
1434874
1434888
1435174
1435245
1435661
1435854
1436553
1436606
1437310
1437612
1437661
1439507
1440158
1440307
1440657
1440825
1440885
1441112
1441189
1441572
1441620
1441794
1442230
1442248
1442330
1442348
1442505
1442646
1442705
1442797
1443181
1443570
1443847
1443949
1444028
1444437
1445185
1445215
1445515
1445633
1446328
1446369
1446406
1446494
1446509
1446510
1447312
1447539
1447771
1447841
1447927
1448075
1448113
1448210
1448641
1448684
1448973
1450274
1450513
1452075
1452078
1452151
1452487
1452572
1452718
1453428
1454667
1455520
1455670
1456297
1456495
1456551
1457000
1457709
1457953
1458042
1458094
1458102
1458221
1459270
1459377
1459475
1459971
1460281
1460452
1460547
1460664
1460972
1461005
1461929
1462073
1462188
1462471
1463012
1463050
1463952
1464626
1464934
1464946
1465172
1465181
1465791
1465866
1466158
1466264
1466485
1466669
1467280
1467298
1467849
1468017
1468059
1468182
1469132
1469501
1470063
1470384
1470918
1470995
1471264
1471368
1471677
1471880
1471902
1471943
1472204
1472220
1472516
1472565
1472673
1472871
1473280
1473614
1474071
1474334
1474501
1474746
1474903
1475465
1475762
1475986
1476053
1476243
1476383
1477724
1477730
1478093
1478102
1479048
1479260
1479323
1479412
1479518
1479560
1479682
1479860
1479902
1479946
1480173
1480420
1480988
1481232
1481262
1482274
1482368
1482441
1482840
1483277
1483870
1483901
1484032
1484545
1484655
1485020
1485360
1485436
1485459
1485686
1485712
1486927
1487086
1487150
1487465
1487652
1488102
1488651
1488860
1489365
1489678
1489753
1490089
1490185
1490295
1490451
1490862
1491193
1491390
1491580
1491662
1492406
1492410
1492673
1493018
1493208
1493345
1493851
1494449
1494475
1495127
1496081
1496095
1496274
1497316
1497400
1497435
1498236
1498358
1498466
1498890
1499421
1499602
1499739
1499876
1500088
1500307
1500464
1500568
1500745
1501652
1501807
1501884
1501959
1503288
1503303
1503318
1503556
1503638
1503662
1503884
1503932
1504448
1504523
1504926
1504934
1504942
1504988
1505355
1505520
1505825
1506156
1506166
1506440
1506914
1507356
1508256
1508350
1508461
1508936
1508945
1508952
1509486
1509852
1510407
1510425
1511700
1511931
1512642
1512692
1513038
1513120
1513280
1513283
1513408
1513590
1513653
1513951
1514040
1514085
1514134
1514233
1514248
1514422
1514622
1514983
1515048
1515089
1515167
1515231
1515374
1515621
1515862
1516612
1516956
1517061
1517218
1517636
1517678
1518197
1518251
1518264
1518493
1518681
1518739
1518865
1519071
1520143
1520281
1520437
1521048
1521266
1521525
1522282
1522295
1522518
1522707
1522898
1523077
1523508
1523785
1523840
1524102
1524960
1525060
1525374
1525713
1525878
1525956
1526244
1526306
1526334
1526507
1526935
1527000
1527192
1527407
1527605
1527658
1528328
1528394
1528587
1528804
1528874
1529509
1530506
1531274
1531395
1531591
1531635
1531724
1532394
1532487
1532826
1533057
1533309
1533887
1534081
1534173
1534227
1534290
1535049
1535232
1535594
1535652
1535724
1535884
1535989
1536503
1537204
1537484
1537587
1537725
1537860
1538617
1539241
1539617
1539715
1539847
1540364
1540605
1540655
1540759
1541132
1541133
1542199
1542211
1542460
1542823
1543175
1543219
1543292
1543466
1543559
1543843
1543918
1543968
1543985
1543996
1544279
1544352
1544462
1544475
1544558
1544602
1544653
1545869
1546115
1546231
1547207
1547474
1548179
1549057
1549389
1549516
1549716
1549832
1549954
1550282
1550411
1550492
1550539
1550650
1550754
1550977
1551311
1551352
1551415
1551657
1551775
1551926
1552229
1552270
1552396
1552813
1552833
1553153
1553509
1553598
1553846
1554127
1554481
1554556
1554670
1554782
1554822
1554827
1554894
1554953
1555388
1555803
1557065
1557193
1557708
1557788
1557927
1558180
1558188
1558207
1558587
1558624
1558858
1559136
1560035
1560653
1560986
1561601
1561695
1561766
1561899
1561964
1562058
1562255
1562275
1562322
1562547
1562732
1562775
1563001
1563052
1563299
1563303
1563559
1563573
1563737
1564189
1564641
1565146
1565748
1565973
1566022
1566058
1566566
1566727
1566834
1566841
1566895
1567150
1567353
1567767
1567830
1567846
1568154
1568197
1568275
1568456
1568467
1568677
1569438
1569595
1570048
1570141
1570495
1570581
1570860
1571327
1572053
1572222
1572584
1572664
1572816
1572835
1572957
1573392
1573570
1573624
1573627
1573912
1573945
1575139
1575223
1575854
1575976
1576283
1576315
1576548
1576659
1576790
1576855
1577165
1577223
1577838
1577930
1578199
1578263
1578824
1579071
1579089
1579214
1579352
1579602
1579934
1580036
1580651
1580661
1580665
1581074
1581277
1581586
1581717
1581787
1582083
1582404
1582411
1582437
1582677
1582918
1582934
1583194
1583890
1583975
1584367
1584769
1584886
1584957
1585361
1585787
1586309
1586326
1586403
1586924
1588046
1588061
1588548
1588735
1588845
1588953
1589238
1589248
1589261
1589349
1589575
1589939
1590883
1591733
1592972
1593057
1593246
1593449
1593469
1594270
1594453
1594535
1594768
1595493
1595647
1595693
1595920
1596675
1596725
1597090
1597932
1598051
1598232
1598256
1598258
1598317
1598457
1598465
1598496
1598652
1599458
1599493
1599850
1600171
1600189
1600301
1600386
1600444
1600454
1600613
1600735
1601085
1601330
1601486
1601656
1601951
1602119
1602442
1602709
1602858
1603091
1603214
1603271
1603646
1603824
1604640
1605160
1605182
1605449
1605561
1605919
1606086
1606165
1606206
1606338
1606491
1606615
1607127
1607550
1607983
1608056
1608452
1608814
1608954
1609063
1609066
1609120
1609246
1609273
1609936
1609939
1610009
1610495
1610563
1610835
1610852
1611429
1611815
1611900
1612380
1612561
1612774
1613007
1613077
1613343
1613363
1613507
1613761
1613882
1614109
1614185
1614603
1614763
1614880
1615172
1615748
1615888
1616009
1616712
1616926
1617425
1617957
1618062
1618102
1618318
1618518
1618570
1618799
1618889
1619032
1619860
1620029
1620064
1620097
1620127
1620361
1620372
1621023
1621033
1621107
1621154
1621279
1621809
1622576
1622959
1623234
1623808
1623930
1623975
1624156
1624301
1624313
1624834
1624912
1625031
1625306
1625337
1625443
1625688
1626161
1626367
1626389
1626595
1626708
1626955
1627032
1627893
1628061
1628246
1628290
1628505
1628564
1628842
1629180
1629287
1629347
1629824
1629846
1630180
1630269
1630310
1630444
1630884
1631321
1631624
1632403
1632475
1632760
1632854
1632986
1633001
1633233
1633410
1634037
1634757
1634914
1635495
1635819
1635851
1635863
1636028
1636559
1637026
1637428
1637882
1638374
1638480
1638515
1640204
1640271
1640400
1640597
1640621
1640846
1640915
1641124
1641438
1641473
1641822
1641914
1641930
1642443
1642490
1642520
1642879
1643464
1643556
1643987
1644197
1644630
1645227
1645373
1645443
1646020
1646078
1646639
1646693
1647154
1647387
1647756
1648320
1648822
1649392
1649575
1649787
1649872
1649897
1650116
1650500
1650510
1650598
1651647
1652106
1652836
1653008
1653152
1653158
1653187
1653652
1653715
1653834
1654030
1654195
1654540
1654616
1654618
1654712
1654751
1654915
1655332
1655384
1655612
1655994
1656053
1656131
1656280
1657040
1657172
1657577
1657597
1657627
1657705
1657763
1658949
1659221
1659317
1659383
1659626
1659731
1660138
1660315
1660785
1660881
1661045
1661120
1661138
1661318
1661638
1661654
1662065
1662087
1662316
1662402
1662471
1662481
1662938
1663089
1663360
1663516
1663717
1664294
1664911
1665098
1665104
1665222
1665278
1665526
1665561
1665768
1666762
1666895
1667518
1668099
1668951
1669283
1670109
1670188
1670562
1671006
1671321
1671688
1671865
1672148
1673292
1673555
1673603
1673923
1674048
1674181
1674237
1674299
1674561
1674708
1675242
1676834
1676979
1676991
1677016
1677092
1678423
1678797
1679050
1679097
1679129
1679151
1679633
1679685
1680244
1680429
1681296
1681994
1682011
1682892
1683100
1683161
1683235
1683463
1683621
1684251
1684478
1684494
1684659
1684688
1684751
1685469
1685559
1685704
1685790
1685900
1686060
1686250
1686515
1686982
1687100
1687156
1687323
1687348
1687691
1687971
1688427
1688718
1688864
1689072
1689590
1690063
1690146
1690207
1690262
1690287
1691074
1691104
1691650
1691781
1692076
1692131
1692146
1692247
1692300
1692468
1692639
1692869
1692969
1693134
1693166
1693858
1694254
1694289
1694450
1694557
1694648
1694837
1695398
1695417
1695450
1695540
1695597
1696503
1696511
1696586
1696726
1697118
1697459
1697865
1698093
1698241
1698501
1698604
1698817
1699066
1699134
1699377
1699439
1699449
1700052
1700380
1700447
1700486
1700713
1701156
1701592
1701632
1702425
1702433
1702633
1703337
1703491
1703769
1703910
1704015
1704079
1704266
1705134
1705160
1705604
1706114
1706289
1706594
1706755
1706860
1706923
1707201
1707598
1707726
1707884
1709317
1709931
1710141
1710217
1710410
1711431
1711789
1711802
1712262
1712367
1712519
1712606
1712726
1713356
1714041
1715246
1715994
1716059
1716519
1717175
1717701
1718021
1718316
1718504
1718522
1718592
1718650
1718784
1718785
1718845
1719002
1719308
1719322
1719465
1719745
1719887
1720486
1720741
1720884
1721179
1721623
1721698
1722259
1722332
1722513
1723056
1723068
1723425
1723429
1723624
1723963
1724482
1724923
1725246
1725307
1725535
1725751
1725942
1726065
1726078
1726568
1726666
1727026
1727103
1727288
1727737
1727874
1728881
1729659
1729820
1729987
1730273
1730413
1730669
1730898
1731274
1731412
1731639
1731835
1731838
1732177
1732189
1732513
1732871
1733279
1733410
1733525
1733533
1733917
1734199
1734586
1735018
1735031
1735438
1735700
1736157
1736397
1737133
1737318
1737808
1737887
1738118
1738529
1739041
1739090
1739682
1739821
1739827
1739865
1739904
1740038
1740170
1740238
1740262
1740392
1740939
1740954
1741794
1741802
1742199
1742267
1742432
1742738
1742739
1742849
1743030
1743952
1744054
1744057
1744083
1744174
1744198
1745200
1745281
1745349
1745372
1745619
1745896
1746635
1746736
1746918
1747386
1747766
1748304
1748310
1748322
1748472
1748575
1748764
1749147
1749703
1749707
1749826
1750443
1750479
1750736
1750751
1751065
1751257
1752308
1752331
1752449
1752657
1752918
1752929
1753057
1753190
1753307
1753414
1753770
1753807
1753873
1754038
1754780
1755205
1755263
1755337
1755744
1756885
1756949
1757011
1757472
1757552
1758181
1758534
1759093
1759285
1759837
1759895
1760071
1761020
1761179
1761830
1762170
1763411
1763553
1763597
1763823
1764103
1764105
1764167
1764387
1764509
1764519
1764731
1764998
1765147
1765193
1765266
1765366
1765427
1765485
1765802
1765852
1765999
1766203
1766598
1766661
1766688
1766692
1766807
1766989
1767000
1767800
1768346
1768476
1768557
1768613
1768653
1768706
1769598
1769772
1770109
1770655
1770998
1771157
1771194
1771209
1771815
1771857
1772168
1772409
1772476
1772651
1773036
1773373
1773436
1773945
1774391
1774426
1774774
1774787
1775196
1775574
1775645
1776148
1776266
1776306
1776577
1777150
1777673
1778330
1778380
1778418
1778715
1778729
1778921
1779793
1779842
1781378
1782123
1782466
1782516
1782670
1782748
1783039
1783365
1783877
1783905
1783906
1783970
1784272
1784654
1784946
1785091
1785839
1786048
1787240
1787269
1787423
1787619
1787895
1787989
1789317
1790905
1791493
1792247
1792690
1793316
1793442
1793809
1793847
1794123
1794463
1794770
1794928
1795789
1796450
1796885
1797420
1797451
1797490
1797948
1798094
1798457
1798655
1798874
1799013
1799234
1799363
1799614
1800816
1800908
1800955
1801209
1801872
1801929
1801955
1802440
1802893
1803278
1803499
1803508
1803635
1803997
1804211
1804365
1804750
1805233
1805282
1805594
1805693
1805732
1805816
1805991
1806856
1807125
1807312
1807501
1807519
1807834
1808014
1808266
1808317
1808753
1808763
1809148
1809784
1810107
1810301
1810565
1810722
1810849
1810886
1811141
1811355
1811627
1811638
1811905
1812040
1812223
1812261
1812273
1812967
1813044
1813249
1813450
1813503
1813660
1814018
1814460
1814588
1814637
1814939
1815235
1815327
1815351
1815508
1815551
1815823
1815910
1816306
1816433
1816749
1817460
1817731
1818865
1818934
1819544
1819887
1820058
1821055
1821059
1821700
1822089
1823321
1823792
1824358
1824571
1824605
1825091
1825276
1825373
1825489
1825751
1825916
1825988
1826028
1826029
1826523
1826709
1826782
1827195
1827257
1827494
1827705
1827771
1827790
1827995
1828072
1828231
1828450
1828812
1829393
1829446
1829447
1829702
1830142
1830601
1831107
1831139
1831195
1831344
1831413
1831726
1832272
1832590
1832697
1832728
1832825
1832847
1832967
1833000
1833782
1833990
1834097
1834103
1834300
1834333
1834338
1834933
1834938
1835277
1835645
1835891
1836027
1837037
1837241
1838204
1839074
1839389
1839891
1839977
1840199
1840306
1840428
1840465
1840752
1841217
1842080
1842099
1842281
1842297
1843135
1843343
1843396
1843451
1843527
1843739
1843876
1843935
1844275
1844528
1844814
1845437
1845505
1846251
1846286
1846635
1846943
1846994
1847012
1847157
1847477
1847670
1847824
1847948
1848039
1848048
1848859
1849189
1849363
1849627
1849629
1850490
1850608
1851008
1851083
1851136
1851173
1851313
1851833
1852282
1854161
1854170
1854276
1854511
1854600
1854790
1855359
1855593
1855881
1856482
1856915
1857045
1857365
1857463
1857637
1857774
1857936
1858759
1858780
1859236
1859423
1859570
1859661
1859713
1859845
1860661
1860787
1860816
1860889
1861560
1861751
1861822
1862042
1862228
1862720
1862775
1862793
1863126
1863852
1863899
1864248
1864475
1864716
1864895
1865540
1865558
1866174
1866193
1867126
1867240
1867449
1867548
1867743
1868052
1868702
1869711
1870082
1870196
1870211
1870278
1870351
1870733
1870941
1871017
1871080
1871311
1871613
1871746
1871763
1872840
1872943
1873327
1873488
1873490
1873504
1873550
1873689
1873730
1874992
1875730
1875869
1877389
1877682
1879004
1879013
1879041
1879135
1879415
1879446
1879982
1880115
1880464
1880773
1880789
1880826
1881092
1881298
1881731
1881918
1882153
1882378
1882517
1883962
1884109
1884405
1884996
1885503
1885798
1886025
1886327
1886642
1886847
1887019
1887682
1888170
1888264
1889047
1889176
1889193
1889923
1890058
1890109
1890280
1890437
1890507
1890844
1891045
1891070
1891089
1891216
1891584
1891825
1891828
1891926
1891984
1892108
1892404
1892724
1892798
1892872
1893401
1893628
1894143
1894215
1894575
1894863
1894921
1895056
1895096
1896064
1896148
1896302
1896437
1896502
1896713
1897067
1897308
1897479
1897655
1898331
1898660
1898804
1899014
1899399
1899534
1899808
1900176
1900329
1900617
1900950
1901390
1901511
1902046
1902171
1902239
1902458
1902829
1902893
1903033
1903627
1904250
1904288
1904434
1904510
1905337
1905516
1905564
1905773
1906496
1906574
1906790
1906994
1907274
1907610
1907661
1907733
1907804
1907850
1908066
1908223
1908246
1908423
1908670
1908910
1909590
1909651
1910109
1910262
1910293
1910719
1910815
1911007
1911313
1911401
1911700
1912295
1912423
1912695
1912899
1913120
1913179
1913235
1913245
1913498
1913722
1914294
1914916
1914928
1915014
1915594
1915748
1915836
1916293
1916951
1917053
1917094
1917204
1917523
1917848
1917888
1918049
1918133
1918276
1918780
1919012
1919055
1919121
1919286
1920644
1921331
1921599
1921620
1921681
1921856
1922441
1922603
1922683
1922689
1922690
1923083
1923443
1923552
1924084
1924621
1924628
1925103
1925168
1925209
1925775
1926213
1926221
1926391
1926443
1926533
1926565
1926833
1927138
1927422
1927427
1927513
1928362
1928683
1928753
1928801
1928935
1929137
1929227
1929306
1930130
1930335
1930626
1931057
1931391
1931804
1931853
1931955
1932150
1932271
1933086
1933332
1933598
1933619
1933656
1933687
1933742
1934017
1934347
1934537
1934549
1934578
1935059
1935521
1935569
1935874
1935945
1935958
1936146
1936153
1936440
1936557
1936883
1937168
1937193
1937232
1937370
1937736
1938142
1938377
1938831
1938890
1939169
1939492
1939552
1939553
1939585
1940134
1940424
1940609
1940929
1941123
1941164
1941249
1941388
1941397
1941514
1941587
1941831
1941862
1941982
1942050
1942539
1942718
1943222
1943263
1943419
1943686
1944004
1944201
1944709
1945138
1945240
1945345
1945615
1945910
1946130
1946197
1946419
1946638
1946791
1946829
1947136
1947417
1947488
1947603
1947673
1947817
1947956
1948077
1948858
1948963
1949087
1949651
1949715
1949816
1949826
1949851
1950023
1950043
1950371
1950468
1951041
1951377
1951848
1951888
1951993
1952559
1952675
1952753
1952797
1952896
1953087
1953711
1953790
1954641
1954680
1954784
1955037
1955584
1955724
1956037
1956120
1956224
1956679
1957908
1957910
1958522
1958627
1958901
1958982
1959273
1959448
1959662
1959664
1960838
1961026
1961039
1961142
1961327
1961629
1961763
1961934
1962138
1962362
1962381
1962475
1962774
1962860
1962894
1963035
1964099
1964354
1964557
1965151
1965552
1965605
1965841
1967429
1967534
1967746
1967842
1967887
1968071
1968841
1968965
1969154
1969743
1970508
1970584
1970590
1970598
1971013
1971015
1971100
1971223
1971448
1971505
1971590
1972556
1972720
1972866
1972872
1973062
1973412
1973891
1973970
1974077
1974194
1974299
1974548
1974806
1975187
1975331
1975383
1975556
1975572
1975777
1975997
1976023
1976292
1977543
1977696
1977780
1978190
1978302
1978309
1978747
1978849
1978967
1980238
1980250
1980465
1980660
1980828
1980862
1981127
1981242
1981453
1981695
1981972
1982048
1982212
1982267
1982517
1982821
1982835
1983003
1983281
1984373
1984607
1984620
1985625
1985676
1986084
1986551
1986955
1986979
1987562
1987779
1987847
1988323
1988519
1989364
1989468
1989506
1989752
1989849
1990046
1990478
1990611
1990755
1991006
1991088
1991094
1991481
1991630
1991957
1992041
1992942
1993159
1993936
1994495
1994971
1995042
1995463
1996084
1996127
1996237
1996290
1996648
1996778
1997199
1997496
1997985
1998083
1998149
1998236
1998406
1998535
1999305
2000115
2000188
2000192
2000205
2000399
2000712
2000777
2001024
2001061
2001153
2001167
2002156
2002179
2002277
2002443
2002663
2002730
2002893
2003077
2003098
2003425
2003446
2003615
2003621
2003760
2004246
2004381
2004537
2004991
2005116
2005193
2005265
2005408
2005509
2005536
2006244
2006376
2006495
2006791
2006951
2007231
2007658
2007667
2007695
2007700
2007959
2007992
2008268
2008542
2008844
2009277
2009433
2009693
2009820
2010146
2010196
2010312
2010600
2010741
2010913
2011242
2012067
2012114
2012674
2012843
2013036
2014108
2014563
2014889
2016011
2016621
2017068
2017276
2017665
2017852
2017991
2018101
2018549
2018556
2018713
2018895
2019686
2019852
2019867
2020250
2020271
2020502
2020799
2021568
2021642
2021985
2022226
2022608
2022927
2024256
2024400
2025403
2025409
2025678
2025715
2025773
2026118
2026281
2026465
2026944
2026974
2027098
2027109
2027502
2027729
2028019
2028282
2028448
2028816
2028857
2029014
2029180
2029650
2029808
2029980
2030092
2030103
2030117
2030446
2030482
2030771
2031068
2031314
2031387
2031583
2031961
2032141
2032263
2032455
2033461
2033841
2034252
2034525
2034704
2034847
2035069
2035772
2035832
2036037
2036335
2036644
2036704
2036746
2037563
2037757
2037765
2037977
2037986
2038136
2038357
2038634
2038806
2038947
2038974
2038975
2039205
2039387
2039790
2039910
2040013
2040040
2040092
2040332
2040573
2040847
2041407
2041425
2041496
2042025
2043168
2043309
2043334
2043450
2044807
2045464
2045635
2045866
2046291
2046574
2046649
2047112
2047944
2048446
2048494
2048729
2049490
2049775
2049891
2050120
2050545
2050821
2050991
2051165
2051331
2051628
2051756
2052671
2053031
2053445
2054144
2054146
2054208
2054215
2054631
2054802
2055294
2055766
2056002
2056528
2056588
2056682
2056976
2057147
2058076
2058204
2058632
2058696
2058733
2059107
2059121
2060307
2061081
2061794
2062055
2062122
2062166
2062183
2062499
2062655
2062763
2062811
2062931
2063239
2063258
2063398
2063484
2063742
2063814
2063863
2064186
2064417
2065479
2065579
2065581
2065658
2065823
2066038
2066279
2066418
2067710
2067828
2068186
2068504
2068543
2068583
2068692
2068841
2069524
2069902
2069944
2070626
2070911
2070924
2072325
2072345
2072734
2073309
2073550
2073605
2073975
2074154
2074425
2074436
2074552
2074596
2075021
2075098
2075125
2075264
2075426
2075540
2076293
2076335
2076571
2077008
2077036
2077232
2077391
2077432
2077581
2078208
2078252
2078458
2078731
2078738
2078966
2080010
2080153
2080448
2080630
2081036
2081329
2081711
2081894
2081956
2082044
2083329
2083367
2083452
2084183
2084512
2084533
2084556
2084572
2084634
2084809
2084828
2085211
2085346
2085720
2086615
2087036
2087171
2087251
2087257
2087725
2087730
2087833
2087961
2088483
2088799
2088885
2088937
2089456
2089463
2089507
2089525
2089877
2090214
2091111
2091282
2091575
2091602
2091791
2091983
2092429
2092479
2092702
2092718
2093185
2093935
2094177
2094185
2094270
2094977
2094997
2095153
2095540
2095854
2095891
2095899
2096536
2097148
2097287
2097528
2097983
2098361
2098387
2099046
2099327
2099917
2100094
2100332
2100393
2100749
2100922
2101429
2101538
2101647
2101995
2102261
2102295
2102366
2102506
2102786
2102902
2103201
2103827
2104302
2104306
2105216
2105273
2105428
2105782
2106045
2106061
2106335
2106451
2106757
2107218
2107339
2107451
2108314
2108527
2109023
2109046
2109053
2109306
2109577
2110012
2110435
2111029
2111043
2111073
2111366
2111611
2111915
2112367
2112673
2113144
2113223
2113612
2113756
2114276
2114338
2114696
2114804
2114971
2115091
2115217
2115259
2115488
2116187
2116311
2116746
2116759
2116936
2116982
2117160
2117240
2117607
2117786
2118030
2118074
2119120
2119270
2119539
2119747
2120127
2120333
2120406
2120760
2121298
2121676
2121860
2122720
2123949
2125322
2125371
2126012
2126344
2126359
2126387
2126670
2126991
2127523
2127663
2127829
2127842
2128316
2128328
2128740
2128959
2129206
2129593
2129867
2130028
2130333
2130348
2130387
2130850
2130859
2131036
2131259
2131320
2131545
2131669
2131783
2131987
2132007
2132263
2132538
2132857
2132893
2133463
2133478
2133509
2133891
2133946
2134801
2135466
2135483
2135563
2136168
2136983
2137051
2137465
2138116
2138388
2138562
2139094
2139148
2139616
2139955
2140012
2140292
2140376
2140630
2141173
2141585
2142014
2142558
2142891
2142899
2142901
2142909
2142919
2142978
2143177
2143455
2143489
2143652
2143788
2143946
2143972
2144094
2144649
2144829
2145177
2145755
2146783
2146788
2146795
2147005
2147086
2147785
2147933
2147997
2148242
2148663
2149108
2149567
2149728
2149785
2150473
2150664
2152176
2152475
2152588
2152744
2152771
2152832
2153495
2153935
2154201
2154332
2155019
2155039
2155259
2155456
2156013
2156202
2156343
2156448
2157073
2157176
2157249
2157362
2158006
2158007
2158089
2158367
2158447
2158455
2158579
2158651
2158747
2159427
2159572
2159604
2159607
2159768
2159840
2160081
2160137
2160477
2161022
2161307
2161346
2162518
2162703
2162746
2162855
2163069
2163361
2163607
2164028
2164713
2164898
2165019
2165038
2165353
2165924
2166000
2166175
2166205
2166778
2167290
2167559
2167924
2167949
2168247
2168351
2168579
2168609
2168619
2168705
2168749
2169233
2169295
2169512
2170392
2170622
2171043
2171681
2171925
2172051
2172071
2172156
2172279
2172543
2172727
2172903
2173415
2173732
2173758
2173772
2173853
2173970
2174131
2174151
2174283
2174447
2174467
2174552
2174559
2174688
2175037
2175224
2175266
2175750
2175923
2176133
2176168
2176481
2176499
2176568
2176673
2176837
2176992
2177203
2178582
2178632
2178666
2178860
2178877
2179316
2179347
2179641
2179800
2180151
2180168
2180184
2180350
2180610
2180744
2180817
2181000
2181010
2181045
2181327
2181428
2181476
2181591
2181842
2181964
2182008
2182032
2182613
2182739
2182766
2183031
2183290
2183951
2184012
2184731
2185170
2185585
2185605
2185715
2185852
2186040
2186068
2186157
2186413
2186857
2186968
2187102
2187278
2187313
2187325
2187639
2188355
2188405
2188653
2188712
2188818
2188938
2189157
2189184
2189362
2190166
2190248
2190401
2191126
2191154
2191275
2191726
2191821
2192059
2192082
2192132
2192258
2192669
2192849
2192954
2193236
2193530
2194022
2194204
2194350
2194360
2194843
2195319
2195360
2195519
2195969
2196015
2196231
2196734
2196966
2197479
2197609
2197844
2198452
2198467
2199942
2199947
2200214
2201155
2201375
2201441
2201618
2202268
2202365
2202461
2202577
2202630
2202945
2203090
2203174
2203201
2203216
2203406
2203501
2203809
2204034
2205634
2205869
2206103
2206294
2206438
2206877
2207573
2207953
2208322
2208850
2208961
2209013
2209202
2210130
2210323
2210360
2210403
2210658
2211487
2211501
2211552
2211860
2212214
2212303
2212440
2212682
2213007
2213165
2213460
2214251
2214566
2214696
2214957
2215423
2215459
2215479
2215977
2216004
2216606
2216675
2216871
2217037
2217229
2217738
2218276
2218409
2219213
2219491
2219643
2220370
2221070
2221495
2221598
2221608
2221639
2221689
2221732
2223167
2223240
2223301
2223490
2223712
2224112
2224197
2224570
2224591
2225690
2225779
2225859
2226360
2226530
2226601
2226757
2226765
2227388
2227764
2227869
2228617
2228851
2229303
2229385
2229846
2230047
2230085
2230153
2230158
2230322
2230550
2230893
2231268
2231508
2231616
2231659
2231968
2232336
2232815
2233052
2233066
2233302
2233566
2234017
2234050
2234127
2234134
2234214
2234218
2234609
2234779
2235231
2235278
2235282
2236442
2236720
2237522
2237751
2237910
2238035
2238420
2238427
2238599
2238783
2238797
2238975
2239136
2239148
2239227
2239302
2239304
2239397
2239500
2239863
2240378
2240503
2240582
2241207
2241467
2242081
2242335
2242356
2242437
2242934
2243095
2243435
2244238
2244945
2244988
2245991
2246042
2247287
2247488
2247543
2247557
2247925
2247972
2248085
2248181
2248396
2248688
2249110
2249308
2249376
2249465
2249659
2250115
2250833
2250911
2251453
2252979
2253220
2253561
2253575
2253643
2254096
2254239
2254349
2254594
2254600
2254823
2254837
2255133
2255329
2255531
2255744
2255748
2255805
2256073
2256259
2256295
2256468
2256666
2256821
2256901
2257080
2257206
2258025
2258186
2258196
2258315
2258380
2258640
2258782
2258799
2258917
2258994
2259646
2259912
2260586
2260934
2261008
2261116
2261766
2261995
2262104
2262300
2262879
2263555
2263838
2264086
2264247
2264258
2264554
2264576
2264744
2264775
2264779
2264881
2265184
2265846
2266034
2266038
2266068
2266109
2266119
2266604
2266657
2266804
2267529
2267820
2268426
2268443
2268459
2268593
2268842
2269855
2270103
2270111
2270442
2270862
2270963
2270998
2271369
2271379
2271395
2271965
2272323
2272333
2272481
2272685
2273177
2273565
2273894
2274178
2274380
2275145
2275579
2275798
2275860
2275914
2275934
2276208
2276371
2276683
2276992
2277018
2277484
2277619
2277669
2277742
2277788
2278057
2278075
2278265
2278379
2278626
2278678
2279081
2279778
2280006
2280786
2280821
2280840
2280844
2281127
2281198
2281848
2281857
2282629
2282769
2282810
2283064
2283073
2283786
2283883
2283898
2284250
2284531
2285188
2285868
2286207
2286468
2286641
2286741
2287258
2288057
2288257
2288273
2288564
2288776
2289782
2289794
2289899
2290349
2290467
2290562
2291415
2291871
2292172
2292233
2292422
2292524
2292868
2293012
2293311
2293451
2293516
2293524
2294239
2294545
2295478
2295493
2295922
2296242
2296612
2296692
2296702
2296861
2297603
2297963
2298286
2298314
2298752
2298953
2299031
2299056
2299294
2299436
2299467
2299673
2299697
2300207
2300227
2300365
2300567
2300644
2300783
2300806
2301258
2301943
2302291
2302454
2302540
2302577
2302879
2303301
2303383
2303416
2303894
2304448
2304478
2304846
2305029
2305649
2305900
2305961
2306170
2306618
2306681
2307119
2308601
2308706
2309326
2309723
2309982
2310089
2310592
2311790
2311865
2312003
2312469
2312620
2312986
2313185
2313204
2313281
2313453
2313709
2314043
2314412
2314453
2314652
2315286
2315400
2315715
2316081
2316100
2316421
2316713
2316799
2317703
2317759
2317829
2317865
2318623
2318850
2319214
2319393
2319689
2319770
2319771
2320475
2321082
2322057
2322855
2322895
2323443
2323490
2324237
2324766
2324929
2325208
2325784
2325797
2325812
2325916
2325941
2326009
2326109
2327425
2327652
2327685
2327752
2328024
2328199
2328310
2328359
2328398
2328520
2328534
2328725
2328767
2328999
2329027
2329128
2329139
2329306
2330352
2330785
2331112
2331335
2331751
2331994
2332156
2332819
2333059
2333269
2333281
2333493
2333608
2333714
2333719
2333744
2333893
2334300
2334688
2334970
2335282
2335313
2335525
2335551
2336005
2336055
2336251
2336349
2336368
2336491
2336493
2336812
2337085
2337114
2337525
2337558
2337653
2338205
2339188
2339204
2339343
2339462
2339779
2340280
2340512
2341369
2341415
2341783
2341984
2342200
2342533
2342657
2342854
2342933
2343410
2343554
2343943
2343968
2344268
2344752
2344941
2345195
2345423
2345427
2346595
2346811
2346848
2347098
2347104
2347210
2347240
2347320
2347424
2347559
2348474
2348512
2348614
2348995
2349070
2349314
2349577
2351030
2351041
2351160
2351480
2351849
2352008
2352124
2352239
2352460
2352966
2353377
2353927
2354318
2354414
2354708
2355156
2355175
2355384
2356097
2356247
2356321
2356416
2356588
2356610
2356685
2356793
2356892
2356901
2356915
2356937
2356988
2357325
2357490
2357601
2358006
2358150
2358256
2358657
2358788
2358810
2359107
2359347
2359579
2360300
2360721
2360817
2361228
2361462
2361654
2361867
2362087
2362205
2362438
2362765
2363018
2363113
2363231
2363522
2363756
2364166
2364689
2364811
2365235
2365309
2365340
2365349
2365385
2365682
2365881
2366470
2366646
2366768
2366855
2367065
2367312
2368147
2368241
2368352
2368439
2368545
2368820
2368855
2368895
2369371
2369417
2370624
2370869
2371396
2371489
2371837
2372159
2372227
2372494
2372638
2373369
2374373
2374445
2374481
2374485
2374608
2375069
2375489
2375867
2375933
2376014
2376090
2376563
2376682
2376858
2377042
2377740
2377749
2377851
2378359
2379123
2379330
2379713
2379747
2379962
2380160
2380340
2380488
2380550
2380708
2381036
2381229
2381266
2381304
2381470
2381750
2381849
2382102
2382419
2382460
2382619
2382748
2382795
2383179
2383466
2383663
2384120
2384318
2384393
2384744
2384757
2384842
2384870
2385088
2385142
2385313
2385428
2385738
2385774
2385826
2385851
2385869
2386309
2386510
2386562
2386871
2386947
2386955
2386963
2387207
2387266
2387322
2387749
2388253
2388429
2388591
2388655
2388825
2389236
2389251
2389571
2389756
2389981
2390107
2390133
2390191
2390899
2391110
2391355
2391490
2391923
2391943
2392545
2392772
2393287
2393347
2393408
2393531
2393743
2394063
2394475
2394885
2395248
2395582
2395915
2396004
2396083
2396296
2396346
2396602
2396619
2396695
2398075
2398116
2398828
2398967
2399438
2399471
2399720
2401053
2401405
2401614
2401810
2402111
2402670
2402688
2402966
2403110
2403183
2403997
2404176
2404435
2404963
2405198
2405415
2406052
2406388
2406575
2406766
2406848
2406872
2406894
2407186
2407493
2407546
2407867
2408031
2408274
2408806
2408861
2408957
2408991
2409721
2410705
2410871
2411242
2411478
2411538
2411591
2411939
2412008
2412302
2412894
2412919
2413180
2413413
2414348
2414352
2414516
2414771
2415419
2415628
2415920
2416202
2416418
2416440
2416455
2417004
2417114
2417162
2417205
2417485
2417715
2418001
2418035
2418356
2418846
2418924
2419340
2420161
2420368
2420900
2421051
2421094
2421301
2421437
2421552
2421772
2421781
2421886
2422741
2423154
2423157
2423493
2424007
2424562
2424625
2424657
2424986
2425614
2425660
2425688
2425846
2425856
2425910
2426587
2426596
2427644
2428839
2429330
2429774
2430360
2430451
2430733
2431427
2431483
2431587
2431628
2431733
2432193
2432378
2432588
2432990
2433404
2433524
2434243
2434690
2434852
2434972
2435158
2435271
2435677
2436175
2436299
2436547
2436641
2436657
2436910
2437421
2437756
2437860
2438021
2438192
2438637
2438944
2439285
2439370
2440430
2440474
2441112
2441441
2441976
2442124
2442241
2442260
2442308
2442781
2442801
2442888
2442910
2443201
2443267
2443747
2443977
2444027
2444068
2444136
2444449
2444792
2445575
2445580
2445598
2446318
2446424
2446672
2446910
2446969
2447082
2447571
2447669
2447745
2447933
2448100
2448162
2448198
2448375
2448601
2449115
2449132
2449256
2449582
2449788
2450013
2450401
2450451
2450881
2450966
2451144
2451170
2451251
2451643
2452012
2452130
2452208
2452349
2452689
2453363
2454285
2454567
2454822
2455068
2455119
2455818
2456545
2456608
2457494
2457662
2458252
2458373
2458509
2458561
2458619
2458682
2459150
2460019
2460183
2460616
2461284
2461565
2461615
2461806
2462418
2462492
2463140
2463219
2463715
2463867
2463929
2464603
2465844
2466212
2466443
2466804
2467068
2467613
2467763
2468330
2468405
2468549
2468579
2469065
2469188
2469215
2469260
2470044
2470396
2471164
2471239
2471358
2471480
2471604
2471800
2471823
2472626
2473346
2473986
2474209
2474299
2474606
2474613
2474982
2475174
2475305
2475432
2475768
2475794
2476081
2476917
2476933
2477018
2477092
2477230
2477458
2477498
2477793
2477815
2477886
2477958
2478253
2478814
2479082
2479131
2479482
2479838
2480077
2481219
2481496
2481935
2482196
2482317
2482438
2482602
2483046
2483122
2483144
2483752
2483966
2484326
2484514
2484640
2485033
2485077
2485099
2485369
2485994
2486574
2486607
2487351
2487358
2487377
2487594
2487758
2488166
2489199
2489438
2489521
2489822
2490127
2490594
2491066
2491250
2491255
2491393
2491597
2491750
2491806
2491912
2492306
2492601
2492708
2493280
2493476
2493807
2493928
2493937
2494023
2494173
2494252
2495928
2495992
2496292
2496506
2496776
2496847
2497019
2497292
2497297
2497423
2497632
2497679
2497778
2498239
2498496
2499101
2499116
2499422
2500254
2500671
2500685
2500894
2501407
2502155
2502416
2503339
2503554
2503562
2503706
2504448
2505181
2505249
2505666
2505885
2506543
2506591
2506903
2507629
2507754
2507960
2508223
2508342
2508428
2508463
2508541
2508652
2509079
2509089
2509156
2509704
2509743
2510064
2510163
2510397
2510421
2510520
2511132
2511960
2512010
2512180
2512228
2512530
2512626
2512642
2512694
2512742
2513157
2513213
2513220
2513748
2514191
2514364
2514372
2514465
2514518
2515093
2515472
2515551
2516648
2517039
2517103
2517269
2517371
2517606
2518168
2518435
2519190
2519251
2519381
2519494
2519556
2520053
2520300
2520371
2520741
2521007
2521437
2522018
2522042
2522130
2522521
2522554
2522672
2522932
2523122
2523860
2525175
2525534
2525627
2526436
2526516
2526658
2527030
2527102
2527336
2527569
2527862
2528021
2528291
2528351
2529218
2529266
2529307
2529715
2529854
2530099
2530218
2530312
2530373
2530436
2530578
2530788
2530987
2531399
2531466
2531750
2531766
2531830
2531839
2531871
2531981
2532299
2532635
2533371
2533386
2533714
2533965
2534072
2534074
2534335
2534435
2534444
2534578
2534680
2535355
2535848
2536138
2536496
2536657
2536959
2537693
2537776
2538093
2538282
2538354
2538555
2538736
2538789
2538971
2539004
2539066
2539453
2539475
2539572
2539962
2540291
2540699
2540983
2541020
2541196
2541752
2541939
2542076
2542481
2543699
2544830
2544852
2544940
2544984
2544999
2545075
2545185
2546384
2546852
2546886
2546946
2547073
2547519
2547552
2547574
2548025
2548111
2548426
2548724
2549160
2549183
2549268
2549535
2549559
2549774
2550333
2550446
2550889
2551177
2551358
2551367
2551375
2551642
2552524
2552629
2553622
2553978
2554081
2554083
2554221
2554267
2554326
2554516
2554853
2555414
2555937
2556311
2557069
2557635
2557685
2558481
2558526
2559013
2559042
2559347
2559628
2559892
2560408
2560488
2560795
2560825
2561166
2561370
2561618
2561691
2561888
2562146
2562578
2562642
2562675
2562781
2563160
2563572
2563885
2564001
2564027
2564228
2564278
2564497
2564680
2564703
2565786
2566156
2566440
2566473
2566553
2567084
2567206
2567434
2567608
2567915
2568332
2568528
2568592
2568850
2568902
2569028
2569217
2569266
2569879
2570179
2570992
2571175
2571270
2571382
2571390
2571919
2572524
2572552
2572860
2573015
2573470
2573536
2573775
2573856
2574050
2574075
2574174
2574295
2574398
2574737
2575033
2575160
2575278
2575281
2576050
2576900
2577263
2577464
2577702
2577990
2578109
2578144
2579159
2579314
2579846
2579982
2580072
2580074
2580254
2580406
2580673
2580879
2582310
2582399
2582563
2582705
2582803
2582917
2583072
2583113
2583418
2584104
2584477
2584865
2585043
2585128
2585136
2585194
2585751
2586028
2586292
2586294
2586430
2586446
2587310
2587316
2587534
2587654
2587824
2588571
2588747
2588784
2588840
2589086
2589142
2589362
2589603
2589944
2590183
2590361
2590413
2590469
2590475
2590718
2590868
2590914
2591003
2591062
2591361
2591906
2592264
2592331
2592337
2593248
2593340
2593990
2594079
2594528
2594611
2594623
2594840
2594979
2595409
2595570
2596555
2596916
2597167
2597793
2598360
2598454
2598847
2598966
2599060
2599223
2599235
2599333
2599468
2599611
2600275
2600361
2600442
2600650
2600997
2601186
2601189
2602245
2602440
2602448
2602553
2602560
2602639
2602923
2603514
2604298
2604669
2604806
2605060
2605174
2605725
2606388
2607112
2607238
2607305
2607528
2607623
2607690
2607948
2608203
2608608
2609098
2609406
2609520
2609759
2609920
2610551
2610799
2611022
2611837
2611979
2612016
2612060
2612167
2612214
2612268
2612324
2612331
2612427
2612465
2612664
2612999
2613123
2613251
2613257
2613360
2613602
2616401
2616671
2616948
2617257
2617902
2617960
2618083
2618165
2618285
2618444
2618473
2618520
2618771
2619115
2619207
2619414
2619505
2620419
2620485
2620639
2621405
2621480
2621578
2621581
2621587
2621645
2621805
2622077
2622949
2623261
2623392
2623459
2623837
2624081
2624576
2624579
2624595
2625420
2625468
2625519
2625692
2625715
2626376
2626564
2626709
2626992
2627369
2627895
2628050
2628352
2628681
2629066
2629246
2629355
2629860
2629966
2629996
2630187
2630478
2630645
2630671
2630764
2630933
2631261
2631281
2631531
2631602
2631679
2631892
2631982
2632005
2632361
2632674
2632946
2632967
2633210
2633257
2633487
2633630
2633691
2633837
2634001
2634019
2634358
2634429
2634633
2634748
2634861
2635059
2635415
2635851
2635998
2636305
2636883
2636931
2636960
2637373
2637519
2637652
2638532
2638586
2638867
2638902
2639138
2639196
2639438
2639459
2639560
2639583
2639779
2639973
2640357
2640398
2640725
2641818
2642212
2642390
2642399
2643076
2643080
2643149
2643365
2643642
2643734
2643787
2643895
2644135
2644210
2644574
2644661
2644932
2645097
2645418
2645652
2646207
2646294
2646481
2647104
2647114
2647587
2647638
2648007
2648106
2648112
2648823
2649252
